id,0,1,2,3,4
0,0.4319115520113928,0.2838094333137898,0.05270970516390685,0.2203772540228634,0.011192014757171857
1,0.228568567202243,0.07526869100033691,0.1396747308822947,0.4553082977968925,0.10117965210255696
2,0.11546094249786731,0.129331794639139,0.22920691078123784,0.05731532622461702,0.4686849732196791
3,0.16132532466010782,0.27417085777332884,0.1526690536726441,0.00967062290384094,0.402164101576359
4,0.31951973161695824,0.353307004342092,0.09053054787184034,0.19340914080014854,0.04323352465199163
5,0.003718991465222329,0.42900482257198125,0.22687068811423042,0.16836903327881725,0.17203641969473193
6,0.6132533982650671,0.08409581901233798,0.1621405250102031,0.08241427838175486,0.05809593757955734
7,0.18316960506544458,0.26875679913212086,0.28912425368510264,0.21779404167624863,0.041155253680195236
8,0.4387548290524249,0.13786481325450098,0.15309671110582432,0.1754913490991071,0.09479222624554992
9,0.21037725012793315,0.04599921787560195,0.07252168882826317,0.02308467460605705,0.6480171288122527
10,0.059120128311732204,0.3029433661487454,0.2339547047312559,0.27270535968694787,0.13127638962634025
11,0.34164642779975146,0.014183940792471587,0.3960772741166397,0.06845865794167837,0.1796336566478964
12,0.07775085996945007,0.0380535495620168,0.05986354327566654,0.5549282739203062,0.26940374934208144
13,0.4962375927204868,0.062443670390673944,0.27441511707676475,0.10866476059809972,0.05823880442902465
14,0.19109557331900273,0.025942246234260107,0.13497189767017612,0.4129643717393125,0.23502587448387494
15,0.10608197852939978,0.38843629560930276,0.0650122209062484,0.2987931069298918,0.14167634919885363
16,0.381942735815339,0.32524239664533255,0.11320939744994203,0.01978765060150237,0.15981778121553783
17,0.02818024124877123,0.24546304723449014,0.4004419919199804,0.14611608458316452,0.17979859509210938
18,0.09312022068076663,0.07558931882202609,0.772061187558807,0.008112594860055016,0.05111666530905037
19,0.09169719693819686,0.16606146689913412,0.4269374087412622,0.03395869495399486,0.2813451941585379
20,0.7668746486971417,2.7555805643039876e-06,0.005196779633658109,0.066933246168705,0.16099255407981666
21,0.09722912086835181,0.11830683630595665,0.4743853510604782,0.05493302001746647,0.25514562740659463
22,0.33746719826527594,0.3076017249107207,0.08417853239530676,0.11555317057890785,0.15519933290970744
23,0.2531966880183843,0.07655096361806066,0.04193507599380856,0.07941798397512094,0.5488992363184987
24,0.059863270829170395,0.09944092287920152,0.5321631827695951,0.20725493395769887,0.10127765045169732
25,0.031266876453954505,0.21817957015140357,0.21677003914267576,0.2336240190149896,0.3001594457383629
26,0.11803487896152212,0.07291516915099842,0.25431134905273384,0.3938208518131645,0.16091770444092812
27,0.040474604289947286,0.24163273526433549,0.22058564369122707,0.399892966650614,0.0974139994431814
28,0.5266260416256139,0.019533950104032635,0.06216851909439198,0.08973304192159406,0.30193839926429195
29,0.14464400401347888,0.2111767327108047,0.11414601465138086,0.30731446854443734,0.22271873545937543
30,0.21344185194655485,0.12895333954864135,0.18225269294092125,0.21290827874799997,0.2624437672638291
31,0.10620188752377416,0.17316585658080585,0.013439215896319506,0.4707802537260436,0.23641273394029488
32,0.7824254171849744,1.3476750882838315e-05,0.13404008055201969,0.05234846596590534,0.031172535506585965
33,0.4815188672074193,0.023755403542482168,0.4618042749254966,0.006844521581109174,0.026076920648047036
34,0.011194677084374879,0.012537219599014139,0.16492860156954742,0.22989225261108256,0.5814472409895103
35,0.026207521263962908,0.03032641757901534,0.24265357951181027,0.26980894717320913,0.4310035251393014
36,0.16485838014957546,0.20611628961506007,0.1103052922678351,0.24440251184829817,0.2743174532882047
37,0.3927712623290314,0.269477073765781,0.08832228199164752,0.08338373312533943,0.16604558322221438
38,0.3627609125946176,0.09120215820186477,0.2877759961416238,0.23929719704758162,0.018963691871393674
39,0.013086037105588763,0.016096546741687884,0.7863643159911994,0.047607590938876634,0.1368455017842495
40,0.035839659408284125,0.030796773053208746,0.16717399361650281,0.02820911146438975,0.7379804530523534
41,0.06469548715094893,0.5181528141318572,0.050218000854732686,0.2712381753476595,0.09569544368378445
42,0.15685091344280347,0.49847577143687544,0.03378305403294838,0.12231345600417426,0.18857672424165267
43,0.32956797403572324,0.04685679253993085,0.002110120563407668,0.027083326276920353,0.5943817780572254
44,0.08312811457286627,0.1894370289911901,0.3381702912139316,0.20043076088134598,0.1888337365522996
45,0.3529371383332889,0.014257791553918547,0.1227952553446718,0.0942285505786283,0.4157812198224246
46,0.005890097366695324,0.06475513192943769,0.05908481854660719,0.33205069583725194,0.5382192480635593
47,0.2412769636873517,0.5278349181497303,0.1579678219490259,0.022527140205553367,0.05039313137718424
48,0.10048122411204145,0.14813079221201392,0.0718529794593963,0.21876735518118462,0.46076760471774536
49,0.2423555579825613,0.3812851405049999,0.04714667235756988,0.05422933228624821,0.27498326028758685
50,0.4277609389869787,0.12730974008583373,0.12175185287492922,0.2534901797385311,0.0696872166283302
51,0.3787962980895227,0.005853090225919121,0.19296897873269325,0.1510374128392112,0.27134418045224895
52,0.5050114762970368,0.08910725068071555,0.03447249195548147,0.13801415166794523,0.23339456014233576
53,0.39501480469504613,0.020360205858149176,0.39901064704843686,0.05845521482753349,0.12715908608072554
54,0.02292180268931053,0.31523960419965236,0.33444885152142734,0.10842331509729956,0.21896636420572604
55,0.09050224889694221,0.5405210626774228,0.2810523271291435,0.015294816325685138,0.07262952223458431
56,0.19393180708729713,0.31219219001273923,0.3177090051788566,0.12381375313267207,0.05235318798082434
57,0.10191177276934205,0.1421682287833373,0.3316514561924661,0.19478860379008392,0.22947988203199532
58,0.35350484630153206,0.03336866920051124,0.027842913038953924,0.3406613252202989,0.24462219457951537
59,0.4631061481949163,0.08679359429842401,0.22218570020401157,0.010530611527612605,0.2173839149471559
60,0.33515272203030233,0.025394490497525877,0.31222539605152305,0.2508253332892296,0.07640200618523817
61,0.32862415877975265,0.10772631554826069,0.139079071334293,0.39591691127509043,0.02865349588891764
62,0.14918772363830393,0.24175211942204652,0.12592208863289137,0.015525449997145236,0.4676125714583041
63,0.2832378172520696,0.20368942618126015,0.45168320643763576,0.047148652529643675,0.014240884158449601
64,0.03365157023791225,0.12100223522390845,0.15417778456606923,0.340336676561953,0.3508317004731527
65,0.019381200821016655,0.17673199244461718,0.25554333161907095,0.13854050117127814,0.4098029405086951
66,0.0282623465214326,0.33220909046923186,0.04111274128553774,0.06806298098874959,0.5303528033645328
67,0.013958746121828722,0.04661882252330623,0.10919930768876669,0.41835818602818425,0.41186492852879614
68,0.47191864670399747,0.11536575812924671,0.2816762376491266,0.026899980570969824,0.10413934049895336
69,0.047322062922214,0.03643083408506913,0.06011927330216755,0.3726730667531978,0.48345474904139707
70,0.038897568522154556,0.3062130367374272,0.0848908351824767,0.27562551654594913,0.2943729794504799
71,0.40761935119501735,0.013970140696544455,0.44075258359482705,0.008817141809696309,0.1288407571537178
72,0.03471182914675314,0.4207975291746305,0.12656672340234731,0.2684902896669658,0.14943357440012264
73,0.20439495860207862,0.6831783807080115,0.09519374259601007,0.011990262380643315,0.005242649400431899
74,0.06852264277299994,0.12925447388725494,0.36657789374529504,0.06181343092157373,0.37383151262853215
75,0.21841144870155357,0.36212394839996737,0.02490089328679789,0.38954426589638635,0.005019416288349644
76,0.19263987907431995,0.45515998716513056,0.030013390785893233,0.24901249027231054,0.0731741676499379
77,0.1626766821857349,0.36792678847965177,0.2795842524092029,0.12390461964406096,0.0659075866151977
78,0.022176596942493847,0.3679613996498614,0.32783757767602517,0.04370285247906638,0.23832151062654383
79,0.35014868928357235,0.18370545306564448,0.28466196972053376,0.09929265124568473,0.08219116808545467
80,0.13913130361032702,0.2571753283412252,0.217572380539572,0.3639257903657235,0.022195141772636536
81,0.3118407440293303,0.05786429557316974,0.23118749898327387,0.009946594294174825,0.389160824242345
82,0.06081773260056521,0.5356363950463097,0.0572493294559159,0.1693728927162334,0.17692361041591437
83,0.5102836202116845,0.0954351329861168,0.056608795657179634,0.29670439106638713,0.04096799931365355
84,0.44678343237608836,0.02976749799490962,0.08468649949174799,0.09347310247063419,0.34528941810272423
85,0.34932500078990847,0.2624612045383647,0.007520457247894314,0.36549204332592267,0.015201249553360208
86,0.034486066160280784,0.3777635602509807,0.11866434583075382,0.18274827073569389,0.28633768267216686
87,0.16314459658092226,0.03335408427027377,0.11799276470058337,0.6053319527621216,0.08017657002163953
88,0.060923170704044335,0.16709335917770007,0.04378234295266376,0.15497537875757164,0.5732257086827192
89,0.05355576731963307,0.28963696262685434,0.32874516465414205,0.2931853376032888,0.03487671193265573
90,0.07298939356829517,0.2449756358599304,0.12770397448174828,0.5009511004522056,0.05337983292769969
91,0.028854194454170968,0.0777094491389546,0.06862839922385407,0.4141667729786748,0.4106411646184875
92,0.10225703745265655,0.1605401872220592,0.5860112814608656,0.13869118699781513,0.012500283467940526
93,0.24320026181515292,0.17827534609441428,0.14308761777310666,0.3061513377933552,0.12928539293920008
94,0.04742805702192417,0.06357776798746628,0.018144488626365685,0.48236542276192956,0.3884842464907901
95,0.2535394335558519,0.1140587256083428,0.22120681564598565,0.13216849108072812,0.27902646340565673
96,0.2614141103362398,0.005632194333934089,0.2903577922162433,0.4406431103235619,0.0019527725620847596
97,0.03614926030560285,0.07729935099445094,0.7201306191246165,0.14579266979879768,0.020628081147734265
98,0.14418803855010714,0.19453509659981094,0.04029835336695888,0.22016615367801837,0.40081229892070763
99,0.0783850283386596,0.15928799303576813,0.18817423070693845,0.05551309813148128,0.5186396048526479
100,0.15093888718145396,0.11485335976737619,0.39743565526088453,0.045410621054404,0.2913614309066521
101,0.24678010598439426,0.11799574901987034,0.4360806936720175,0.01716267235312868,0.18198074208054818
102,0.30098081078820044,0.28677662105580964,0.02361436681481184,0.13070976756813446,0.25791836928812806
103,0.15119474915713169,0.5119928556779951,0.09169504375579637,0.07511779193132503,0.1699994945190787
104,0.27112185901201974,0.3372061158549653,0.16437623136373003,0.1504805461402408,0.07681519402616473
105,0.07420071344831036,0.12314870311591165,0.46798067771769764,0.26873451202375065,0.06593535728770895
106,0.25571923788526063,0.07728840322564935,0.10090927696239468,0.5562397559448288,0.009843272652499176
107,0.4053120661246798,0.15621957011615067,0.03159379557613364,0.11954222124501013,0.2873322871771119
108,0.31650033786163684,0.3593516787594451,0.023285239533632793,0.16964563927773887,0.13121702728305212
109,0.5913423531075377,0.038511199835813144,0.018220592957138494,0.028643443312144946,0.32328238729551645
110,0.025200472387182413,0.3718599733744244,0.4120787883737459,0.040516432587238554,0.15034429407382588
111,0.1181959190934593,0.17001570057951765,0.4052704009945193,0.23868957874391983,0.06782834406096712
112,0.05911805489055805,0.14931554649341378,0.6084579606935515,0.13081002586894497,0.05229838169160704
113,0.22746548214480256,0.03512278727845701,0.11118908745470626,0.06936460495130942,0.5568580003875109
114,0.18044005897748633,0.04208950269736706,0.2891549936787204,0.061964723299513344,0.42635067974293595
115,0.07801438293092013,0.4872141885379244,0.27567693056797526,0.09841758015932617,0.060676860829289074
116,0.03598673542442519,0.21951293412206233,0.3956573301490122,0.2524049272143958,0.0964380337234883
117,0.20833604254127117,0.09360066090746419,0.08425363972853221,0.2745959332061203,0.3392136641070236
118,0.011242696769162322,0.056519498842696025,0.6540287903313153,0.17703474403814048,0.10117426225155554
119,0.08437278194892837,0.21382645423310062,0.34411600102916606,0.020999568665889805,0.336685153166712
120,0.16536840603500325,0.05211390296134833,0.18483910220006347,0.3130194278305582,0.28465912114390796
121,0.4605640973389867,0.06437497480372098,0.04827606719963715,0.32842722189965395,0.09835757753491574
122,0.01803157785062713,0.2552369020638924,0.33866749645722516,0.29911893901509584,0.08894504027421336
123,0.3256377126516908,0.5169621008414667,0.009719106588884467,0.1415757402588547,0.006105319048622535
124,0.024709640997025956,0.42186578795497354,0.2661728155107186,0.18262274420874933,0.10462894794094181
125,0.20924508061347663,0.15218585239325572,0.2165544375400481,0.32919012868453135,0.09282442856482201
126,0.22098924716340176,0.1624459177115662,0.01934585035075715,0.17357849664089028,0.4236404314480845
127,0.2458333368461059,0.24478390170344197,0.19523166503553488,0.24646939342167273,0.06768166241840118
128,0.06664224760322697,0.3842185463713096,0.29827400045342023,0.0650982509002258,0.18576690634893006
129,0.5760004474775399,0.31819572032317645,0.001525081877447646,0.016931909141346194,0.08734682039924489
130,0.4039944268652919,0.17396946912678463,0.10341821392722307,0.31513851259001374,0.003479356815851185
131,0.5683720824664658,0.07437506316200167,0.09810737787566073,0.13037568972161415,0.1287697300077714
132,0.022031061242545592,0.2118304061348223,0.5770353093378842,0.16631394489100193,0.02278924018050136
133,0.1870175605930652,0.32633862905927186,0.1035568166566141,0.32209714824114755,0.060989802753189326
134,0.05469303772166532,0.01594506646645152,0.15150958959766608,0.378365881850081,0.3994864145924421
135,0.05531257884701355,0.0286325615093532,0.09606854482230734,0.3214740204067011,0.4985122796436506
136,0.03097841373989158,0.07523325248440264,0.4046273384825815,0.16130110396922803,0.32785987125065325
137,0.017066377080372848,0.035456604205116246,0.7942913605143176,0.04720760860776161,0.10597804309108093
138,0.1432494843097896,0.13891370047367943,0.35274840435637217,0.023421688644491234,0.34166668117971627
139,0.2898165630420789,0.19807663522524707,0.2734535670943432,0.075369605831692,0.16328357882543212
140,0.0173192983366241,0.09149246548182893,0.07908349951771648,0.642208288703229,0.1698964313975548
141,0.874422782817259,0.017358681329516505,0.08753809446162436,0.015335912976206154,0.005344519578930903
142,0.09979362330843444,0.38509075615833216,0.16628099063217938,0.11894992528926707,0.22988466110850614
143,0.1891638255849833,0.07734509429138257,0.2987938062907662,0.027827165582968924,0.40687006376377227
144,0.3611286266919208,0.023816466530097804,0.4518258392113687,0.07255026973760581,0.09067875716809741
145,0.08649286197199109,0.006266281591191669,0.4436965080930321,0.053106799793746565,0.4104375374481417
146,0.1025810942209263,0.20780356819545115,0.23947134647202364,0.33470511343321596,0.11543881169865615
147,0.067783124996887,0.11729263089427716,0.18423627909732085,0.374143653932057,0.2565442770157832
148,0.42287499453998845,0.4403506477536174,0.025404808415503924,0.09431404424292684,0.01705547985042403
149,0.07717959018249829,0.0708098795949538,0.0429148203818673,0.10065923128243412,0.708436450427746
150,0.17308693594765767,0.09929169755502143,0.06600103234235756,0.44837902632603915,0.2132412510404836
151,0.2749125090331898,0.23408366680517542,0.1646033101272447,0.24063965831622866,0.08576081341421553
152,0.005923253128140049,0.2867876401946999,0.28565507723472994,0.4202124493400236,0.001421561081716543
153,0.11783306335560578,0.30382355754628465,0.026529091224921423,0.16898046318196216,0.38283375489657673
154,0.5095054876357731,0.09574482056851115,0.08670873990478158,0.09915167542981862,0.20888923299608017
155,0.023370324128896895,0.052105177800935897,0.26744739136047435,0.22134639520760188,0.4357306994343984
156,0.06677645760904546,0.07075734849390562,0.4505961113677119,0.0778678762436898,0.3340021781302805
157,0.2673559349706281,0.11847316274903887,0.2201436726286787,0.17677705045364894,0.21725010778841597
158,0.14711075154495848,0.29713833178714855,0.33604356572957195,0.07883288924243027,0.1408744125970779
159,0.2814325508518802,0.3665732598526587,0.15614052824590943,0.03346164885957624,0.16239196300342093
160,0.5929279817845866,0.06171170922563074,0.027091532613400554,0.14554200690471136,0.17272672417737814
161,0.42559622998278757,0.16051727756663822,0.2649937401796489,0.05187545897916632,0.09701724192351636
162,0.6655886840881711,0.1718569863467054,0.10884353240503813,0.01681813524537505,0.03689264621639428
163,0.24543343779864804,0.019913708802808256,0.17484657309376164,0.5222527478887742,0.037553499354996724
164,0.06638334298460155,0.15701428600039202,0.4501454376324703,0.11168327420140417,0.21477361264826758
165,0.7556923762643031,0.0038721389501757226,0.11984557710879334,0.06322576069291667,0.05736411891872366
166,0.13149852349850186,0.18198198666560783,0.5130351309871112,0.07329591840998338,0.10018838623711451
167,0.12146355483847841,0.34775411296838316,0.1039866102052813,0.2904672451480551,0.1363284300391911
168,0.05793330426544421,0.03628449519084655,0.36665601120554464,0.46287916239918,0.07624701037462062
169,0.16531948929600626,0.008307424961672546,0.2430995030921767,0.190491744585835,0.3927818137163715
170,0.304351803916106,0.1782677981675348,0.022450242769648382,0.19376373126735444,0.30116636258017815
171,0.18667494907570023,0.45376221785206144,0.07165192306378812,0.16981469026987092,0.11809613644019527
172,0.5849902451479131,0.0788712575622379,0.12196797281677896,0.16724836060679443,0.04692211771780228
173,0.1942072926637906,0.14758718445406793,0.2394718005698729,0.16155324357114553,0.25718043725984113
174,0.04346649293626262,0.06206512389270034,0.2523229846775084,0.5993681861450206,0.04277719394888736
175,0.12535164115421818,0.29351229754607877,0.3682809929942073,0.20643852326040732,0.006416525461477056
176,0.09823138262444754,0.21621102352948782,0.12009274349841319,0.5047579958580608,0.06070678932224505
177,0.48470703728768616,0.05944980218406214,0.09962054936260666,0.2693490014005574,0.086873544242009
178,0.5716276475462131,0.0037956102242758566,0.08214558279230574,0.09317079342157321,0.2492603205717231
179,0.013248505644167246,0.15498765546807486,0.6120110616200053,0.12107815298377551,0.09867459648531543
180,0.3980234767809444,0.15085257944401512,0.03808972410360754,0.23633091468797343,0.17670325565749603
181,0.360176510272981,0.010309617011574864,0.07013560991180814,0.29435591103831665,0.2650223144359999
182,0.17441901977757734,0.3587184180958663,0.22540687913168878,0.006987748992101713,0.2344679060001662
183,0.10998148546955755,0.41552759511224013,0.20266716107132215,0.13412060265678133,0.13770311285230738
184,0.06150842668666494,0.04943408149621699,0.21870525343141187,0.07103807053466966,0.5993141503052904
185,0.26166231057017014,0.11935283923816242,0.2950763862868684,0.16969044669134528,0.1542179666817464
186,0.07707937656415184,0.13582650059565887,0.32397866453465896,0.037260447054240226,0.4258549668876604
187,0.24979844198186132,0.30013217519463503,0.32279885560919197,0.1116789737697038,0.015591523853968902
188,0.13592206204979027,0.020157549656918974,0.43466745395368384,0.059081121121352796,0.3501717912712621
189,0.2199517847148841,0.04392869900993527,0.36848011554906807,0.22886935625659405,0.1387700036429015
190,0.12794477880088292,0.08859802279158731,0.3792440014474098,0.4029291494363638,0.0012840324251369162
191,0.11110872061975403,0.21795264048029217,0.4805177804316501,0.07181624116593402,0.11860456550706747
192,0.022845787009562614,0.41885343435911054,0.32036429567406544,0.2199380633830031,0.01799837875111376
193,0.4255678978437334,0.0031348027356888093,0.12950973409975583,0.40605710170063747,0.03573042315552126
194,0.44269900130817985,0.45563790509882635,0.04320575699775257,0.007199638143769139,0.05125768848235002
195,0.04552240714869773,0.2581912332049601,0.12348936756947021,0.03957105502026133,0.5332258938880486
196,0.5696112859978704,0.001624885335777733,0.174709447734258,0.20597621285794068,0.048078131470710966
197,0.04081383340207133,0.6945653844579359,0.08350662140824017,0.17258586994949426,0.008528266049732926
198,0.17586333831035872,0.08586514198930226,0.30196170485689633,0.3612637493881325,0.07504601145341076
199,0.14343026928558805,0.113357133129947,0.04873110427980199,0.44030203941414775,0.25417939720944016
200,0.4788761263045912,0.24629354709378237,0.17971257968793614,0.06887105028101465,0.026246667706639144
201,0.3500757367092977,0.10797056605096841,0.3032488365615339,0.0913633621991778,0.14734142601746775
202,0.3005446725017841,0.2015403766764764,0.1723816588914237,0.28385688447745405,0.04167635808998785
203,0.22510169178218634,0.2847251029571188,0.03476980626742,0.3936526116350963,0.06175074912966604
204,0.049986042519594445,0.26981043715256564,0.26603814713794505,0.16154819761644493,0.2526171043605776
205,0.08321670302193097,0.376764623104155,0.39659002314753644,0.017285826342985897,0.12614279722944904
206,0.5018368765738743,0.03790468123026763,0.14927728494153278,0.030441984545391175,0.28053912457492697
207,0.20511552808148242,0.19773337058828314,0.12435472944899556,0.19440111991485484,0.27839520832499154
208,0.14226230801036188,0.0020838856157684507,0.33292447949219733,0.11170573278248899,0.41102357820830415
209,0.22838509441686225,0.10720267159796194,0.2630168174598784,0.28665142758516293,0.11474392350942696
210,0.1682261209473091,0.0013139408103238594,0.41573839870749246,0.13839673296142233,0.27632478879536027
211,0.03370838350793307,0.34334860331350975,0.1568933985091458,0.1344256505216304,0.33162389843179824
212,0.3917488742137204,0.17798100502386963,0.12735381125709974,0.09751842441343292,0.20539781725138404
213,0.014382569441502914,0.12009264974917082,0.5812531506092612,0.08731957705729183,0.19695203226496683
214,0.3507286351073391,0.5223894175757765,0.07149493833584199,0.00551177437952546,0.04987522505360195
215,0.29941274506482307,0.20441709718932008,0.20739314835077421,0.1113283033311086,0.1774486647172159
216,0.09397321103550915,0.2646782847280725,0.005432982307257892,0.4671510002723616,0.16876446325049263
217,0.26579091015388884,0.02472258183998369,0.47903253400905643,0.07940417494395281,0.15104976120154306
218,0.12338515678918238,0.5271163535596507,0.13511188608053884,0.011159544232029986,0.20322702936559317
219,0.04702546995798225,0.16541025439564552,0.03152173045530016,0.41188128283431064,0.34416122156619877
220,0.23475945612321936,0.32763511817331875,0.35626850163593304,0.040440154062319066,0.040896748473002495
221,0.27463837685175724,0.3189733185965963,0.05759272534967537,0.2926317498510496,0.05616379007666396
222,0.1737728558791889,0.1768024760511466,0.018616431209932997,0.1503768368670736,0.480431343709313
223,0.12208503827251872,0.2582208535442961,0.11462722442445812,0.24759393096253665,0.25747290780286775
224,0.052262932168221296,0.10414619703557836,0.09301528289115218,0.560560642215415,0.1900149131022457
225,0.0916848045296175,0.1488512870611363,0.17964014594844233,0.25919150416902215,0.3206322019808406
226,7.180318335330607e-07,0.02243559228723766,0.30969241278212084,0.5587707013635285,0.10910056604465691
227,0.10146413219217902,0.0047287464213911085,0.040403345682763894,0.4796880209109101,0.37371574476984987
228,0.09700577829629721,0.11888889267056221,0.11891115669179735,0.13326294331947708,0.5319311740174468
229,0.14316723426342898,0.16461094389983302,0.27663034144404697,0.1898606694844658,0.2257307446670374
230,0.13781795794544416,0.12441484208519206,0.6007622992413221,0.06324052681830314,0.07376433412504012
231,0.13280361883914538,0.0676032375066899,0.011105242103437234,0.2179379721506122,0.5705498990633802
232,0.3053384978419107,0.1893425563278602,0.1875180470634187,0.25228306601407324,0.06551779208128816
233,0.07098043522287584,0.5339262351113392,0.12680068149394363,0.09806778383648698,0.17022478793136706
234,0.09763221793977062,0.5275316917932554,0.3234830094165606,0.03780372823646685,0.013549338058974751
235,0.028682299769317153,0.03820179580086582,0.24146254362199684,0.18065754034194073,0.5109958094845658
236,0.27172996286118883,0.38398550101031426,0.09247588384810099,0.07440439946101884,0.1774042163400496
237,0.00182690267875622,0.11703599178652774,0.23571753960020728,0.2945995779925546,0.3508199767896187
238,0.08813236658793956,0.46850495362248235,0.10174714360963102,0.14656733626410767,0.1950481613562721
239,0.1730624334555493,0.14821656425051463,0.21453390695946134,0.39486262349333473,0.06932441299042046
240,0.03403877216925677,0.27475763371731843,0.09957420289517913,0.30941606715803077,0.2822132674234106
241,0.13440459488745726,0.2914468236016344,0.04737781200319115,0.28751514920507404,0.23925557179299486
242,0.19716599853376204,0.07802485538976149,0.08810014288532556,0.266596299672178,0.37011265487795075
243,0.08595900041256398,0.003475926918525659,0.003933531171393621,0.08016367438672259,0.826467859403173
244,0.010055802908556455,0.20088791796509248,0.2942718256284715,0.24587027215677204,0.24891414882151874
245,0.1752931543533887,0.03842217286178645,0.17087298011241422,0.34650121753094204,0.26891044011733467
246,0.07922861122514285,0.500691276729383,0.03376529726610761,0.13070701817368166,0.2556077191403453
247,0.07946505617184069,0.1588120388066273,0.20417357432802388,0.5270111012960338,0.030538185110121307
248,0.34160535335795145,0.2766071078931951,0.03336633915293522,0.16568677949129987,0.18273434060956736
249,0.43719697001182756,0.13305442545086427,0.1438679908299517,0.2535496185762766,0.03233094071187311
250,0.047107842371825664,0.2989347148184334,0.14710176999477698,0.45309617128390745,0.053759443706534175
251,0.0219654455310872,0.08800322067234358,0.6762856579865996,0.08484157828568446,0.12890408004002457
252,0.03417656740152245,0.1812386433835113,0.18639423958774734,0.12152437629532649,0.47666613435126215
253,0.3982011955199003,0.16473641640235487,0.1793749219056097,0.24798607740918413,0.00970135736761435
254,0.22436415802747203,0.15633570982286513,0.09675035761583756,0.3236967060708083,0.19885299742947599
255,0.4354828538963497,0.22540182557965144,0.0006027126484308805,0.21410215695882553,0.12441039889485
256,0.3605307913743303,0.02956987270297858,0.273336047191745,0.08137330422862327,0.2551899293976161
257,0.1189071448171175,0.013959164675318636,0.028367782960191105,0.4007052375713565,0.4380606497923962
258,0.26642942476933257,0.026150370623836572,0.3504642671414752,0.060902082389646554,0.29605381039614115
259,0.09784549148391536,0.052625811136169626,0.43615199917250413,0.22212489501335092,0.19125177758104633
260,0.12321560160198201,0.31107228312402224,0.3398318382889972,0.019342781216548803,0.2065374533953162
261,0.5105457162385987,0.14546687867062175,0.06873887623815868,0.09980507353789946,0.17544338807745377
262,0.1280697570980686,0.04709076044323083,0.7593244142018165,0.04899839545664214,0.01651665501742167
263,0.7831468408276617,0.10444900924763671,0.017329912360909992,0.06250286747392345,0.032571345446342395
264,0.07795384489709199,0.1349606777042754,0.2629725222625181,0.25370594476004665,0.270406963464191
265,0.18900069784714665,0.14111106584751343,0.3404066593816547,0.17417277590128538,0.15530875161629187
266,0.2808755980741496,0.03708901798617034,0.3184140029811542,0.06757929323291455,0.29604203739962315
267,0.11845558392201447,0.4131685623077243,0.03280499752553827,0.20733935878735982,0.2282314585892786
268,0.08135829611760112,0.06468309362974554,0.2581978779390986,0.0953683091466191,0.5003923920113225
269,0.1937637073813442,0.026770263662760998,0.516793046718217,0.06811181649812578,0.19456112937936781
270,0.4466014052645346,0.30145873004848617,0.08230987011731293,0.13190142984525938,0.03772851360585682
271,0.43782073363738405,0.0716401449926187,0.14993814880862338,0.06955073205789694,0.2710501834525317
272,0.045060807901333655,0.30799266975040346,0.4581913656736683,0.10606578495300886,0.08268932279767259
273,0.024084117769375447,0.15178926999137768,0.2692129316634602,0.4291656316698139,0.1257480225120183
274,0.19235588414278154,0.12359862473214693,0.45086034360119737,0.039545003559979856,0.193640096883367
275,0.16783261614205996,0.052150780219688074,0.43225173022407887,0.21157108643412123,0.13619374517575364
276,0.3924374681204146,0.18698924756999744,0.20687914292694767,0.20399827767598594,0.009695833752066648
277,0.11752014490513454,0.21471952843282133,0.38967354561393164,0.1782452413966229,0.09984147673655934
278,0.22924461774515328,0.1711749290968396,0.19386438987884785,0.3590328601033957,0.046683133870610995
279,0.16188824471344515,0.2510327458834544,0.05419520970290194,0.12633569728177976,0.4065480384602972
280,0.3862017251773095,0.012343714793830507,0.14417843440146377,0.16732870518527387,0.2899473724120126
281,0.19015024425280472,0.10807931834031761,0.456737880248183,0.04275519938230735,0.20227730809322989
282,0.028510079608337614,0.4427464874673627,0.31512681187537256,0.11460031585067472,0.09901623682484051
283,0.5341757999652315,0.10177886821470099,0.18045278596415942,0.06873079268878866,0.11486170830979876
284,0.10863094550037139,0.04883899218547833,0.14342398685325933,0.651767986902357,0.047338057280012016
285,0.1084787130063943,0.3228365909873871,0.24112534859632828,0.10896893804129458,0.21859036851108918
286,0.07307713521422908,0.01477496996310899,0.1803977666275848,0.5036621514502109,0.22808796692842906
287,0.46673605872042984,0.14003300158699,0.13870242518009732,0.08892037975218231,0.16560809144765826
288,0.07400022948132905,0.08163067503862205,0.02627087315504241,0.6714174196622738,0.14668076963151458
289,0.2708307867443366,0.002698335597956111,0.04462956498836717,0.01752297021836316,0.6643183254907167
290,0.0871177798199366,0.24331705922251473,0.08345662899808745,0.29050390698972084,0.29560455966706506
291,0.11212491387419396,0.050809975295412445,0.28752859973056666,0.5117663099151977,0.037770163166008494
292,0.09692404277520202,0.034787601664588975,0.024378252398936706,0.44747767330872773,0.3964324094571084
293,0.19660627388345478,0.08707717911259183,0.47720854614403413,0.14632908499267455,0.09277886872585286
294,0.06679720711545604,0.6025251558699731,0.17354530779111987,0.13633528165417164,0.02079701125059985
295,0.004486503436354156,0.049178843522929186,0.1129312338335433,0.4022203014172042,0.4311831096197458
296,0.22639227781786242,0.36142456444654847,0.11936603420903852,0.11015028290071284,0.18266680059741497
297,0.23272052489695463,0.11289487762137128,0.024057264892588654,0.21029009866209344,0.4200371815812425
298,0.13402742816343557,0.21912636636264252,0.5117306833195433,0.1024352885184932,0.03268019488989605
299,0.06025924478044546,0.0957461817804478,0.36220157212116216,0.08247985852530405,0.3993131099978876
300,0.1380715206690021,0.04710664204559542,0.3506227148274605,0.4637814980208627,0.00041761051389657054
301,0.20272889760116714,0.11528960322256605,0.10221572070386077,0.43656804328027415,0.14319768378910694
302,0.30126770440727424,0.011320886198194293,0.23798401784761924,0.34639106832040467,0.10303628825329571
303,0.15644939322639104,0.15936823709454304,0.2619540441032192,0.06450497396066761,0.35772328231876516
304,0.1212257262427475,0.4371756278130571,0.23292035716994056,0.1281325754890188,0.08054565293719934
305,0.1001154621243792,0.11305787198131144,0.19299382291846306,0.5693460817399411,0.02448671939760131
306,0.08876473884996343,0.5952727568346547,0.1800229805033588,0.09143781969281027,0.04450165219061786
307,0.005023430665437053,0.20082955332755317,0.14637850807912234,0.3409624733831674,0.3068060085227964
308,0.2053156705401013,0.026135076115504953,0.49842742728176387,0.02836985395580614,0.24175193684150653
309,0.16343283617024862,0.29091109477944244,0.17549159160666847,0.33711826902935854,0.03304616909295855
310,0.12943584583515663,0.03257385394555402,0.04110483175913831,0.5639976374176127,0.23288780126129102
311,6.549114935309286e-06,0.5470921496286891,0.07863583594327912,0.061229371682711,0.3130360513672991
312,0.2740243837383971,0.41354556997822,0.27791775070071134,0.01929708135592626,0.015215203510713227
313,0.04055426813058971,0.1951222093955028,0.0829901562825116,0.23592397625250128,0.44540934696776546
314,0.1573294468203763,0.15828070100613992,0.04209214978022684,0.6248190873548853,0.017478559823476927
315,0.21748319897261562,0.22833573043078864,0.2332456397771922,0.3164681149403575,0.004467287395875311
316,0.29916571008443976,0.0036376312593844034,0.05930206593860288,0.528219970127396,0.10967459049210893
317,0.20025561779454523,0.6165294015535313,0.004976451222642539,0.12146880106573785,0.05676968375997756
318,0.024867040463222568,0.09171839902859825,0.4815022084499034,0.042763329646559024,0.3591490032563395
319,0.41487524434762807,0.05827400442345432,0.04681345051778717,0.14191489869610413,0.3381223401644689
320,0.34645512542488205,0.019616579950539545,0.3573724804083157,0.23225139658231234,0.044304369775374955
321,0.08458541651981555,0.14419870145463212,0.6936854153710493,0.004517054175556796,0.07301339967742679
322,0.27182098627218976,0.17111147064957077,0.20508658294660595,0.3314864057602518,0.020494500071022166
323,0.23602632028524215,0.03483405169152565,0.4028088678254446,0.32118660522175485,0.005144132522286451
324,0.16649401059653346,0.3652522439096347,0.25385059732204457,0.177062650484078,0.037340440944799116
325,0.34148728862782807,0.0548164704300789,0.21584729978478906,0.028293932176982926,0.35955496335335363
326,0.008226498602874808,0.3171093543955653,0.14976824555900098,0.3481097489542808,0.17678611331729172
327,0.1678545197895367,0.05930524371550748,0.08312427764479607,0.10119542113738804,0.5885204970124858
328,0.1826114697796205,0.22912803389589712,0.17551515775985266,0.03179175675899573,0.3809535303055184
329,0.41715705698076533,0.03202712349153691,0.05290676025383151,0.13119641736411652,0.3667125941755261
330,0.24217199891874872,0.08213883376564605,0.09730290534645418,0.23259745025960793,0.34578875337078985
331,0.024271532867673105,0.3765572330251502,0.33476330018236355,0.14856967160850257,0.11583820948316773
332,0.1422828871055467,0.021376438516126448,0.21003259047628706,0.49349185875047646,0.13281620012768944
333,0.16123259787551442,0.05703670085172667,0.4117825456377201,0.08519715565245824,0.28475095688833885
334,0.08980005024740613,0.3801920502687443,0.31223035090846185,0.09754916853103357,0.12022830909491344
335,0.3968300129279512,0.12788437230174327,0.3238527843634257,0.004813061734175109,0.14661974732434968
336,0.5983282785494267,0.09970909934859572,0.10044603781820098,0.09584819796982004,0.10566834274894822
337,0.39014359773766477,0.08497814961079536,0.11398281910994941,0.36799143834038167,0.04290394812359277
338,0.4040373873904742,0.0522265444483299,0.007718089234299476,0.28258142016874627,0.2534365130059526
339,0.4725363231730775,0.0758890989761381,0.10242959317893327,0.343332789858904,0.005812165342767883
340,0.03396777489239574,0.18078217055013562,0.06498309819240056,0.12545063172068835,0.5948162893450947
341,0.14209467640290935,0.5263377133865111,0.16578103430035226,0.009176473710494485,0.15661007553190495
342,0.010234473398670525,0.22119309621601607,0.09438745547400836,0.352820165942529,0.32136477354526266
343,0.4097695331901666,0.01946492099120178,0.16486429692428684,0.12225214138431717,0.2836490554044866
344,0.01804532347627604,0.2178090357375318,0.4840911178477756,0.240127727807606,0.0399267613053748
345,0.14274971154765753,0.18745927792109487,0.050447897499388925,0.42879849226680694,0.19054457603761754
346,0.01709431295260597,0.03859076740947342,0.3296231457814307,0.329894818644382,0.28479694640311715
347,0.03628776763888441,0.11372825700774902,0.419548404132425,0.11997847882816212,0.31045706431768944
348,0.1783314248297534,0.4409976503894218,0.11217850065784528,0.20638071058065433,0.062111659141996185
349,0.15391532370970235,0.16923249732694717,0.040073794016118124,0.3603023575717182,0.2764759637033654
350,0.022008980628864572,0.20270549776922184,0.11271012511998983,0.48644298651578494,0.17613236563644996
351,0.33502584784430445,0.08334122276689733,0.0898260501428499,0.35414611359538317,0.13766069796214647
352,0.3373130615696367,0.14768782833517036,0.013069021440494709,0.4024809150175065,0.09944913678375332
353,0.011158501339287915,0.3556739163565315,0.353445044524067,0.08619290276516302,0.19352958987692992
354,0.2474262128521419,0.03905033580291595,0.0757433834500838,0.06449892891479189,0.5732810971501253
355,0.03773229407873715,0.052963648933982005,0.7981025338939528,0.05544840345542369,0.05575310575764387
356,0.028631830162723824,0.2984011720557825,0.18954662227377467,0.10018367792152831,0.3832366460553782
357,0.04176059713605251,0.07956975703550187,0.48489800466900146,0.2176421061462362,0.17612951306212604
358,0.11118547398813333,0.07670631776548033,0.0683746962643099,0.7437329895487856,5.061116766372158e-07
359,0.19518231005797368,0.021906743308929087,0.14524444043231996,0.1438771969401884,0.4937892745938907
360,0.012176815323639368,0.012090812909824503,0.09623386047404785,0.5518225027085308,0.3276759990489858
361,0.009412267430702611,0.09450472597549625,0.6370780865089829,0.21528114577345303,0.04372376055218102
362,0.037940104893509526,0.03316492100047859,0.5339817619049502,0.27369774326614554,0.12121545873480954
363,0.19079431315589077,0.11667734519324295,0.11092529197489556,0.4323341019239519,0.14926888652268175
364,0.09415186515994925,0.14127386847470189,0.08755571832001142,0.43491244132382956,0.24210605169268587
365,0.15894517168110425,0.24815466787620044,0.011944430480495809,0.15525537943073295,0.42570029064225695
366,0.07609783946045941,0.4564000669773189,0.32609282952950125,0.010978985998452978,0.13043025307120287
367,0.28985136386069926,0.09022455622785065,0.1802943309030915,0.20403225289633495,0.23559742932606076
368,0.30497056353639834,0.09468253160958329,0.19997393180460057,0.2711128426340763,0.12926005562374349
369,0.3164872420353807,0.15968662761188793,0.16195209002676017,0.19393595579153103,0.16793803975612584
370,0.12739174300680373,0.1674174962977654,0.3153611882582093,0.21366162551123496,0.17616789880639755
371,0.47730476314760034,0.017961966915929283,0.2628539959616117,0.03748589954513098,0.2043933380111635
372,0.05736771640908899,0.7273009137645062,0.0673454942459372,0.10663809103583045,0.04134774114625274
373,0.3928622200850045,0.0030382327459145464,0.17280057163375545,0.3433110981191487,0.08798784426840517
374,0.23728673008485923,0.12338729715366917,0.5787669240470852,0.02302813255676043,0.037530897031981744
375,0.39633539380152083,0.3809612278324221,0.049768708189506725,0.12523117283675939,0.047703448566641785
376,0.07345216206530619,0.41413526421531743,0.2868807788511768,0.09107846991549845,0.13445328791228256
377,0.10826288971034019,0.06256099715484026,0.4255830903752612,0.05810697546714769,0.34548600857433687
378,0.11375938880744983,0.21223225727939993,0.49116283992264387,0.1308994670866539,0.051945998876511
379,0.2102160276797425,0.09067183771649912,0.4834534379671778,0.11842510368146118,0.09723354321769362
380,0.0793955250512261,0.44195223405851697,7.125686174835102e-05,0.33410344830027616,0.14447745365149942
381,0.0035091236139623114,0.03722846084504436,0.2343542893004532,0.2271683522054293,0.4977397646966392
382,0.10542228655813589,0.4142003996150582,0.05734720480504545,0.16193914538404014,0.26109091578016114
383,0.27725294489335534,0.09664848615906182,0.29592289936548927,0.2660027770180999,0.06417282060833958
384,0.3140149713457505,0.0940566352137679,0.28390339466220615,0.04715964703489915,0.26086528674557924
385,0.1818816943623966,0.04053783117931981,0.20585147591686676,0.054892707371581945,0.5168362505007814
386,0.30713117461498435,0.13154136494488494,0.19072537336675877,0.26762837046421006,0.10297367461132344
387,0.11058396920168832,0.38850745471823067,0.06783102363907606,0.3103418100787301,0.12273569374649902
388,0.12290617407771585,0.5782509204457931,0.04093678085421867,0.1878698414170824,0.07003621634207163
389,0.4084179337145058,0.008517931015778569,0.3011727170273579,0.14188552661310377,0.14000584362768265
390,0.3448488974388345,0.14610557109402583,0.20552345153324383,0.1951829917476063,0.10833904434192063
391,0.34994008307260066,0.39815644655188454,0.11615024044176334,0.06720932994438279,0.068543850143175
392,0.3472848694024525,0.0050348377018184275,0.4365628580911193,0.10939158251076173,0.10172581347499536
393,0.1397393730316824,0.02859545934246316,0.12876371575137677,0.43275880475503625,0.27014261852879595
394,0.2507670032084681,0.009709809876282187,0.4526771195635519,0.12659378173637093,0.16025224858268527
395,0.2308543714013529,0.07366293523127286,0.1918849576312605,0.2408612894864239,0.2627363827987325
396,0.10059873385834088,0.3069520551568766,0.22563806566564348,0.09924102807373743,0.2675700783359122
397,0.09547150747594083,0.5100960826165045,0.0573079238327808,0.1219384617870356,0.21518594148776402
398,0.07012961254821799,0.18128636802541812,0.2698537924727188,0.09347719304802059,0.38525298404490727
399,0.15404551174239667,0.03481797041621572,0.277821503579552,0.4642911197703679,0.06902386219040174
400,4.3492555992466154e-05,0.5267724905533382,0.2129567304881577,0.18069721333516667,0.07953003839325752
401,0.14126314490330635,0.09966554079232667,0.049664118265420595,0.6097887345491242,0.09961841968533117
402,0.15093293233540744,0.5199278734830634,0.019032754359084265,0.26592655100305695,0.04417982171552857
403,0.056039945248141924,0.2955994324054744,0.05277884684568436,0.12492899805731036,0.4706527292986693
404,0.3853730525910511,0.004995788583632049,0.1593803412483808,0.06530741820111048,0.38494336883452085
405,0.1759864192834209,0.07442677471044774,0.13122410663928846,0.2913336124862907,0.3270290359578921
406,0.29285616789071434,0.04731286624709904,0.0665670534572458,0.1186460556192477,0.4746178130675111
407,0.11333466731953717,0.5063601408426087,0.061577172813372535,0.13933146004698133,0.179396484395144
408,0.36637537905877293,0.09410888373010964,0.053389124308536776,0.2676846107367677,0.21844193318397412
409,0.038119798996355786,0.37672969979808496,0.03299645987144746,0.15778644422482485,0.3943675392284541
410,0.104289152380176,0.25467245540781336,0.34022189597618074,0.14741478994013568,0.15340166794855406
411,0.3887576897419059,0.10913747728082335,0.06414415667733711,0.17602637162861243,0.2619342431033533
412,0.815544400548397,0.1311469153206292,0.019286293158763738,0.009041648615125025,0.024980731323343306
413,0.23951438792203286,0.20056942495347974,0.13382563225343644,0.18740786842539803,0.2386826441582965
414,0.07722982264697108,0.3411306999850594,0.040752834707321065,0.04900704061289511,0.49187954148358193
415,0.10109422423369308,0.26302805323784395,0.11314965611439973,0.45280794890682974,0.06992004719812758
416,0.06384259924828083,0.08999609903364567,0.2895172422323561,0.4788950719497586,0.07774895156652156
417,0.12468268116660579,0.23268395125196692,0.2287412155687192,0.14894154475878796,0.2649505661930119
418,0.13374468549492782,0.0025284727876814777,0.3770783110276648,0.4848548606050846,0.00179365690307376
419,0.08949378820186593,0.03282305527219592,0.03389603185094128,0.2766739984574585,0.5671131069407599
420,0.23614657459472702,0.09045103544959547,0.5169093657284796,0.06037702168370731,0.09611595481590315
421,0.019822399482387294,0.07438736371252927,0.47588416448961346,0.012882034461078657,0.4170240247334159
422,0.03304600471027369,0.005040360095573548,0.060175091168129885,0.02352011577766852,0.8782184204125286
423,0.24852836837902426,0.39070899656555663,0.06740504429570383,0.2590815883809866,0.034275936628301085
424,0.041259166468189806,0.03148032625738029,0.2927237127810067,0.5582815337690447,0.07625525036286875
425,0.5085062394902199,0.18861293215616357,0.10017832281099384,0.1114929457888612,0.09120950398579857
426,0.256110077126327,0.13416922445828555,0.3056268338892535,0.239182999576339,0.06491082706380609
427,0.10608097678621813,0.30927260404736184,0.04520103423378545,0.23216549656683552,0.30727984092622357
428,0.35219327854031823,0.03466341828423679,0.22612957274460577,0.2926279861964667,0.09438568440207062
429,0.1515755162640159,0.1293620644571504,0.5660000098421447,0.02406114112841876,0.1290012327791049
430,0.08579868715501149,0.2674488717106073,0.27494899189922767,0.3491201229939091,0.022683275281632675
431,0.055688292788894894,0.24798718129439207,0.2391957959811203,0.37905507352648876,0.0780736010384364
432,0.11218065249573074,0.42891756956102456,0.03688629866006359,0.06667871213181849,0.3553366958436567
433,0.41698047610187744,0.13387356473248507,0.053006690317285755,0.3734824582837003,0.022656755965440274
434,0.1572540504923229,0.014611229489333414,0.32190688360611025,0.2690895063946492,0.23713830506328842
435,0.04982283894795958,0.07969821751394816,0.6073355455236077,0.18876105946285018,0.0743823100147313
436,0.2451173874200813,0.3225984034834378,0.39597491091232384,0.018066394054435463,0.018242895531982214
437,0.2180437377464359,0.09673433299797839,0.2438165769854654,0.2791822347817279,0.16222304570768364
438,0.0229056407648805,0.3967150818048622,0.035169772322279094,0.13868479983836327,0.40652464945917466
439,0.4039161573339452,0.25575927962041706,0.11449698098887823,0.028946338011065872,0.19688119520803182
440,0.09323537698754117,0.3678227342131528,0.09930688129546118,0.20861961210054938,0.23101535426902237
441,0.008101192733430893,0.0408706599381854,0.07384146726315544,0.6669282308763941,0.2102584401389037
442,0.44738794711994667,0.14121163872366,0.012824236648567026,0.27300447095110236,0.12557163497741472
443,0.20463758358017067,0.09847870105316421,0.3621767521549204,0.09160769885700616,0.24309920214759673
444,0.15985748057056726,0.134885176995344,0.14819565995733625,0.5113542082354313,0.04570741009348197
445,0.11358075110807148,0.07374697043204152,0.38239146701884885,0.2510980774946059,0.17918269340514695
446,0.04885253431397298,0.2779108469135127,0.31750070318759643,0.04898196361400256,0.3067538922537283
447,0.3479183109477487,0.4399827030715133,0.01079146289860155,0.11121005112732658,0.09009742292423772
448,0.4626943517982675,0.07963080058487122,0.05437696119554265,0.25735588510610763,0.14594193907770406
449,0.017020070094142713,0.0034792899532634317,0.057415624897686215,0.3107314772770442,0.6113535262944536
450,0.3674351322804273,0.1002871177062484,0.24594805138675652,0.009768316277431854,0.27656134485780715
451,0.03491268271096065,0.4755232304902791,0.039210527198305575,0.05258580781751093,0.39776767742369656
452,0.10718047283681384,0.0448206831923118,0.3677277116780489,0.35292526543571917,0.12734583922382
453,0.19690727406533187,0.30430794741001155,0.3550727684592863,0.03952753725099227,0.10418442699975378
454,0.01014051716069799,0.25236215546161594,0.5740731407897622,0.09638505130682609,0.06703910427682193
455,0.736126076172697,0.029785305060153408,0.07212681907890073,0.030926095526895153,0.13103566548857332
456,0.31058698312537797,0.15787196858904634,0.1915509710080611,0.26494637052529013,0.07504366292453354
457,0.805437457263263,0.055688012586604364,0.04753964032459369,0.036679938203608514,0.05465492620310013
458,0.5220032984702682,0.013593625340388514,0.3144747827234563,0.02835960014295116,0.12156865718451097
459,0.3470406867044527,0.05856399512598732,0.10469648946368446,0.18499311872592086,0.3047056486216055
460,0.10679791580188856,0.21470418784436845,0.01555516083719149,0.3543149560109586,0.3086277341730618
461,0.14899207244284046,0.4355434581541734,0.04442360404456406,0.02822328333638312,0.34281753424809314
462,0.011295316965247462,0.09507218489588855,0.33343983466452387,0.2599602033766044,0.3002324431326532
463,0.05664889428137161,0.18401136267161566,0.15486130486797572,0.32917842757992694,0.2752999597328969
464,0.34656089134058027,0.10476099742622924,0.27172073690588255,0.07531566442670166,0.20164163933045148
465,0.16603895140426972,0.11240146395770029,0.6257174031566172,0.023744842476326435,0.0720973105324518
466,0.0482458749999518,0.2748090119051487,0.3884431417877054,0.15866520382467086,0.12983670239585082
467,0.10410639035434813,0.053198973073704754,0.4117306523032963,0.2012847803561406,0.22967917229013504
468,0.2428656881320341,0.19220675993668862,0.21818541880019993,0.17901130956992728,0.16773078340523173
469,0.019464420001055437,0.20470162829027544,0.21219514874840606,0.1401002870931113,0.4235384769891144
470,0.17290201943531247,0.0978652654310535,0.12784229463712735,0.49113309346776796,0.1102572943220806
471,0.10212453353312016,0.02254928172819752,0.7302666699018189,0.07883567460880164,0.06622381800194957
472,0.3954486023663769,0.12516716073848566,0.3760599893189201,0.03873741498978646,0.06458680209505001
473,0.35956949222417023,0.09243600167214472,0.02484116489017971,0.37374857724921157,0.14940469825030217
474,0.11724753739495043,0.39391734500812486,0.008524972756396947,0.19954500478954615,0.2807650653791894
475,0.3317037028173229,0.052526577573905636,0.3134164117824537,0.1275692418579652,0.1747840047599266
476,0.3284015547199143,0.19507647744382228,0.14227016489551722,0.33080215878763825,0.003449621246102184
477,0.0690376789236893,0.3551297181926021,0.16215592674360726,0.2514926311013851,0.1621839899462285
478,0.04028664614323875,0.6044655005924826,0.011499177148431253,0.09943392607849098,0.24431470864081808
479,0.3898882681990863,0.1113898564778903,0.1491157071888388,0.17062032329548285,0.17898577255545775
480,0.2580724160168931,0.04805026169162638,0.09556272608633484,0.4505669456452333,0.14774759656730665
481,0.03864670549361099,0.42520665555962933,0.15100752057578937,0.13797685960119352,0.24716221774560598
482,0.00477422181878927,0.38812104999005587,0.30648220111345903,0.16775230016805304,0.13287018239680762
483,0.23645122600983684,0.15910306453652218,0.1942561884607569,0.12011096147155352,0.29007848340390463
484,0.29699119782907274,0.317239906546281,0.003340629986827727,0.2701889556430253,0.11223923541309687
485,0.012127121877410663,0.22884149229211062,0.10464682335621518,0.1711404755066249,0.4832440461461394
486,0.509932622004425,0.33466845223284575,0.015552694798107192,0.014931531074568266,0.12491467103786756
487,0.00564561293446127,0.07828803325288311,0.6611309781387386,0.20540331026171915,0.049532054254417236
488,0.17100708742320134,0.0716721179544454,0.41880104051686484,0.07338519809493317,0.2651345099603847
489,0.09417991774985802,0.36064521663669347,0.29289654358352957,0.055678362154121336,0.19659988533392317
490,0.14923510033779616,0.07930915398454082,0.1621742485455373,0.28125313234494603,0.3280283157322005
491,0.06079629112382574,0.2553498819634931,0.48769546192663615,0.020202919612747623,0.1759554023292512
492,0.03986566613289098,0.406382451197027,0.4628937640594572,0.019601345828874125,0.07125674653546495
493,0.47012843216764577,0.17001608757106354,0.2631930238711015,0.09254296097351124,0.004119483800918642
494,0.24699187447730667,0.42148445565265935,0.09466036535008879,0.10136694336345214,0.13549632159168032
495,0.045081415993795504,0.21239277416039057,0.54698651772326,0.11386702340498837,0.08167222979256529
496,0.40998219910333045,0.2666900937408242,0.2885923818625117,0.007217557145181123,0.0275177570061339
497,0.11842540665591268,0.033032639466855154,0.03485970790271163,0.6495600453244953,0.1641221751508838
498,0.11080335473301904,0.4398877718031165,0.1340576346269385,0.18239294026426855,0.13285825803930446
499,0.3834782675110084,0.14609996439492895,0.3257052296530286,0.08263241061002223,0.062084079756587765
