id,0,1,2,3,4
0,0.42591826508267844,0.2922583557152184,0.05363971693260472,0.2165544716228742,0.011629182395294835
1,0.22592838876029925,0.08180474973847907,0.13509255148713117,0.45408215715391326,0.1030921435350977
2,0.11166608316438867,0.1358806631531026,0.23027165623661172,0.048261878262913956,0.4739197101553694
3,0.15684168372731533,0.2755936083747765,0.15364098735549722,0.006076164042452007,0.4078475483374064
4,0.31235150913097115,0.362214821017006,0.08554010233446994,0.19594530892911446,0.043948251399055144
5,0.003877383784650726,0.4262901044369423,0.2241388137196422,0.17227330098741395,0.17342038314285163
6,0.6124686699468028,0.09303307636679625,0.15709423598409222,0.08315384931569733,0.054250160969434295
7,0.17849520837339936,0.27636345317698613,0.2794803534068671,0.226600699734868,0.03906027370768548
8,0.4368530389712195,0.14697219406510004,0.14348050956891814,0.18281604088874512,0.08987821065981559
9,0.2093980260032893,0.04788652713886314,0.07722006640868218,0.010450846198952467,0.6550445258395106
10,0.056675953819700725,0.3070196242349447,0.2240945971596338,0.2800858508685915,0.13212395935628113
11,0.33981987290089766,0.013190565592689812,0.3994804818708513,0.06385126366540327,0.18365780153190844
12,0.077895380189972,0.04051933691917203,0.05450576762086322,0.5542973864987941,0.2727821206355209
13,0.49342675909769856,0.07328514774265224,0.2653632317225565,0.11097215961178429,0.05695269296262141
14,0.18834585794631664,0.03383014631169371,0.12233184481407804,0.42049309490886955,0.23499904500202373
15,0.10173661681075456,0.39348276903691853,0.061633819666988526,0.29908979752513276,0.14405698857098986
16,0.3735491620022128,0.3345377757836863,0.11323716359981464,0.01573987023853746,0.16293601735668767
17,0.026815631136243644,0.2447083049719428,0.39778459748659584,0.14923029224518444,0.18146116249868366
18,0.09519808900863837,0.06783642341453652,0.7795781101378522,0.005646449834222662,0.05174091776396259
19,0.08596915048970576,0.166466300340637,0.4342071220748772,0.026621818520182864,0.2867355986597073
20,0.7659902541545629,0.003539217008137554,0.0031756309805181676,0.06429577488885829,0.16299911551278282
21,0.09394904703252399,0.11564930834712003,0.4803937750972387,0.051120406091684556,0.25888744911503303
22,0.3339513578344851,0.3112557430411469,0.08415431738712434,0.11390727223695264,0.1567313035211532
23,0.25185007219072214,0.07938214399102528,0.040504492429652275,0.07282409544999753,0.5554391847093324
24,0.05948722491708133,0.09632709605113585,0.5287774315175607,0.21774632156162244,0.09766191291449695
25,0.029212468121422423,0.22100560502860414,0.20976639346198514,0.23681104006254428,0.30320448123596494
26,0.12056463378769179,0.07100893352054337,0.24932030123828902,0.3987880356849066,0.16031808493829314
27,0.03846309365382549,0.24393213159623886,0.21943342430908824,0.4002164414993948,0.09795489669872018
28,0.5232874184602414,0.02581708844077787,0.06237010978744528,0.0825654667826545,0.30595990643660903
29,0.1428688244900863,0.2167157415282457,0.10548916759211817,0.3095431134145766,0.22538314270088067
30,0.21365401697868727,0.12862199761700818,0.18291633102070437,0.2117367862705559,0.26307085631774013
31,0.10290795705135708,0.1774490714911143,0.012114744921624367,0.4671494955346297,0.24037872266613303
32,0.7766239734857845,0.01045054919418042,0.13268165246392813,0.04988746977405452,0.030356344108202846
33,0.48099536725852693,0.028234244067450957,0.4621176352819708,0.0022096403308723704,0.026443099310593108
34,0.010599063827670618,0.008989369533596752,0.17195555624584524,0.22707888202663665,0.581377109077431
35,0.02505967686674007,0.02937977113709167,0.24131109840211398,0.2697791579448866,0.4344702761613166
36,0.15916417875954306,0.21583392610163396,0.10601234722613898,0.24257217015319216,0.27641737100644864
37,0.3860907401558435,0.28022998293228724,0.08360387088121597,0.08235289823082906,0.16772250101202
38,0.36051933337624537,0.10062260841028664,0.2787834518406671,0.24080229147205692,0.01927230335446778
39,0.013702572358388492,0.0047688646894240285,0.7932194595000366,0.04677681935763397,0.14153226562089785
40,0.0342997910892052,0.028611731333524036,0.1735982623847569,0.016562928875955403,0.7469272726777026
41,0.06439544620808452,0.5193382047738235,0.044543566229613606,0.2733977814277671,0.09832499412707035
42,0.15392130421781763,0.49935390799385293,0.03471301963726818,0.1162445719457403,0.19576718827715966
43,0.32468574923560795,0.05658519512074539,1.0360348479403828e-06,0.019948995638180273,0.5987790137076577
44,0.07944175528040354,0.18865023795579314,0.3391071191703501,0.20218252075532003,0.19061835478960965
45,0.3493112459107317,0.019383347464187087,0.1243038960366761,0.08831733527835306,0.4186841622377438
46,0.005257478559843876,0.0628343844837775,0.05960410396850022,0.3286311443820507,0.5436728745264613
47,0.2343800149279773,0.5353773549335662,0.15929588641653322,0.019929472150177287,0.05101725953000339
48,0.10019375392966604,0.1499816026925351,0.06978765612783015,0.21432353241643795,0.465713448231523
49,0.23315981791462695,0.3900503340146469,0.044708875428130984,0.051730983611468044,0.28034998076590295
50,0.42502895712470595,0.13749403943580224,0.1135410169125972,0.25486829881052364,0.06906768058178778
51,0.3784467531465796,0.00829078969894265,0.1934622721368267,0.1491306378779946,0.2706695335047531
52,0.49997591988352424,0.10033697379437147,0.030605865100083906,0.13921496576332382,0.2298662686755698
53,0.39129093236939805,0.026079495279334217,0.39876662558814374,0.055464647028833094,0.12839828634902561
54,0.02230917032346381,0.3139709194328074,0.3347533515360662,0.10543602773719006,0.22353052030344417
55,0.08971863073563724,0.5423543928887151,0.2818329023830879,0.010219475654525884,0.07587458669115381
56,0.1929987727888594,0.314589600012658,0.3167112812121145,0.12433250425089323,0.05136783089647986
57,0.10166822579282016,0.14028499178765524,0.33026003159740136,0.19622190114108382,0.2315648387914262
58,0.3522318474604741,0.03528797305156355,0.024949055191992836,0.339007284859947,0.24852382755673097
59,0.45756291505769503,0.09259210029354442,0.22636302842871722,0.0031159868963995824,0.22036595780944607
60,0.33705170256297634,0.02425456096828513,0.3090755480528377,0.254439937371002,0.07517823794540233
61,0.32834187377910456,0.11793071270081727,0.12945405517427985,0.39721620654832124,0.027057143272098235
62,0.1465977014033678,0.2422862134905115,0.13175129320243814,0.006788171611349801,0.4725766107330123
63,0.2860387835880309,0.20091478643204236,0.4544290646127609,0.04502573184610024,0.013591620735909637
64,0.030835921409368174,0.1233847328815877,0.15133492002197457,0.341381937660488,0.3530624724915613
65,0.018412535804036678,0.1773774875036693,0.2552686234289106,0.13378200915630076,0.4151593316377517
66,0.026260222483082015,0.3301655069818179,0.04403558240263375,0.06062776241466168,0.5389109142305784
67,0.013186527491832595,0.04769560135297564,0.10097494068487534,0.42289429578643156,0.41524861995955803
68,0.46525309469687637,0.12198938232249712,0.28224021987071785,0.02535766830803207,0.10515962495359192
69,0.04530565092232761,0.03895639192680914,0.05559607801755352,0.37970115566741713,0.4804407119618547
70,0.036258861673885284,0.31054047585992706,0.08220812740187265,0.27501494842249635,0.295977574998118
71,0.40850082852632585,0.013593468385957043,0.44305106850457826,0.0046009178569086364,0.13025370277167278
72,0.033600540740867345,0.4204412482381442,0.12393636229249475,0.2696187612147694,0.1524030753598808
73,0.2017255417232162,0.6843379024440136,0.09751410912630153,0.012039307884584554,0.00438312829397578
74,0.06768917925937033,0.12716996189185972,0.3704866513959668,0.05837574257714149,0.3762784564024117
75,0.2145087064841814,0.3667195202552728,0.02367677243734349,0.3891892581696471,0.005905733482162869
76,0.1878394807277272,0.46033185588137626,0.03084650092685816,0.24575662452343536,0.07522553129106443
77,0.1590260206174991,0.3743711612756337,0.2737300701657689,0.12673703893450503,0.06613570098059107
78,0.019352230434212657,0.36901769596769235,0.32806778801270936,0.03842555375764759,0.24513671570461104
79,0.3441941161471334,0.1907915127858233,0.2832228164824287,0.10016059088642916,0.0816309544740696
80,0.13845528018313083,0.26470241392647725,0.2077777394534209,0.3662320001999459,0.02283255662421655
81,0.30730695898466515,0.0640576665493371,0.23275886751308483,0.0052719965528859845,0.39060449794503393
82,0.05719902840734782,0.5334297729211953,0.05617818417725691,0.17006076557088615,0.1831322397800923
83,0.5071632488263508,0.10329362018791267,0.056984727855945896,0.28907944431289717,0.04347895092980745
84,0.44154357980510506,0.03638919896055805,0.0833272396490377,0.0884543068688634,0.35028566399769
85,0.3425768183862604,0.2762824935866247,0.00524895885983981,0.35946088929035375,0.016430830205386698
86,0.030643044441762125,0.37891387127641774,0.11617471084244538,0.17937479232239334,0.2948935698316092
87,0.16571981884305584,0.03565246880484667,0.10975381280316458,0.6081387772665158,0.0807351049668833
88,0.05714669755305821,0.17184632401819125,0.04124405305214321,0.15003262112903262,0.5797302929067732
89,0.0520563017632671,0.29401375424710524,0.3176593462332598,0.29969374187182013,0.03657684295098673
90,0.07207801852814762,0.24968035725155238,0.1167002375701396,0.5070450136189277,0.05449636548112272
91,0.026238541483129492,0.08038616491828708,0.06331906815140469,0.41324002192720016,0.4168161882151205
92,0.10125764407056816,0.16350218021838872,0.5818847778129889,0.14139391266446127,0.011961472060703398
93,0.2366164014534309,0.18916665303414554,0.1359190351919963,0.30772978088229885,0.13056812237368934
94,0.045137964012040635,0.06733848420210489,0.012334902755021894,0.4814166089605822,0.39377202969227215
95,0.25016756751530905,0.11874399704329439,0.22152892821859596,0.12736389149898247,0.2821956076163832
96,0.26665512132147223,0.0038297231714439274,0.2845760145491862,0.4407270046856,0.0042121159085286375
97,0.03823270537185548,0.06797481396048394,0.7266709025609838,0.1451011854096952,0.022020379793475705
98,0.14379506311041396,0.19595481161148107,0.037938963388382714,0.22048089195780818,0.4018302608054054
99,0.07671410190227795,0.1584891632819173,0.18862299515238698,0.05336958645472177,0.5228041454329896
100,0.15229973503987054,0.10959835707549317,0.40415516915756783,0.040029469157515755,0.2939172584202746
101,0.24776393249381465,0.11745811137752463,0.43886778120792913,0.01189979460980421,0.1840103668209963
102,0.2984486076689192,0.28879864427320806,0.024093868080546765,0.12722116906229294,0.2614377049063953
103,0.14470426848268572,0.5192567713902414,0.08837270405475554,0.07704064386487676,0.170625605640658
104,0.26585111468640754,0.34520704295525945,0.15793896230972979,0.15367232791896598,0.07733054318615515
105,0.07308444896578883,0.1282471520203042,0.46007813707816136,0.2729269375681204,0.06566331491080887
106,0.2594394909130336,0.08247051983915071,0.08745264299449519,0.5597906832044727,0.0108466547206536
107,0.4021290739898946,0.16222943942176304,0.03255927029436021,0.11352942454268433,0.28955278521195305
108,0.313236247942446,0.36050260963906794,0.023098886881816244,0.16795102170546988,0.13521122624145535
109,0.5858531106455186,0.048940907228838475,0.017198743117290537,0.023973446339373587,0.3240337813136202
110,0.02339707135723651,0.3725661493919748,0.41094685624402194,0.041663515786547166,0.15142639539919175
111,0.11836149970871207,0.17167482425321473,0.3970918603515288,0.24690725936752853,0.065964545070621
112,0.05716449616468277,0.14466849375023805,0.6129603828830006,0.1324213411237101,0.052785273495079256
113,0.22564255128010732,0.03629366380334645,0.1150117114241114,0.06041243757162237,0.5626396246991853
114,0.1779152356068155,0.04744901561184996,0.285963913982551,0.05687661939546127,0.4317952053215705
115,0.07200479710113632,0.49501138020862867,0.2696189560166189,0.1032794301083938,0.06008542240917084
116,0.03355485728790197,0.2220357047529942,0.3869305187950757,0.26162749285395254,0.09585141486925779
117,0.20585399186225042,0.09811770330851709,0.08041555145128712,0.2721071931694163,0.34350554990130655
118,0.009362311504719681,0.05426987707247278,0.6508831226242282,0.1849598469815058,0.10052482535716646
119,0.0821578797450624,0.2121751788739088,0.34878974790553685,0.01434032588839183,0.3425368559628364
120,0.16558345815921519,0.05440698995802268,0.18368367440474867,0.31191213535584855,0.2844137300510065
121,0.45991354686273894,0.07215867184057241,0.04176653546693624,0.3295580570929159,0.09660317945571266
122,0.01702166116570822,0.2573312058409621,0.3312275523455385,0.3067988331198712,0.08762073087570864
123,0.3203081668026954,0.5239156666000346,0.010139855419907688,0.1388846647299086,0.006751636440508713
124,0.0239490676058971,0.4215202599833325,0.26377844261135586,0.18339107050846093,0.10736114464483418
125,0.21028001959522286,0.15270781227529467,0.21289398847281515,0.3329014899143845,0.09121668013998228
126,0.2193351395013797,0.16576275895937145,0.016539381239887525,0.17092399307322523,0.42743871612282097
127,0.24542622558287402,0.2509708464678938,0.18723633035562537,0.250099914293503,0.06626667497561191
128,0.06410934527071879,0.3825336283255521,0.29941166844853107,0.06218822575428701,0.19175711714201663
129,0.5679990892926106,0.32823869718023513,5.0316812940427774e-06,0.014146960746839844,0.08961020411160489
130,0.4057265041698837,0.18047076313327837,0.09768860313861652,0.3120379248434015,0.004076193433618073
131,0.5620671758284407,0.0862180043422442,0.09261801218198677,0.1316774422205551,0.12741935510082592
132,0.020857469222848552,0.21284272843055488,0.5788763051810385,0.1609890929589862,0.026434389054854377
133,0.18287523615196408,0.33165085506688846,0.0968067986010503,0.3271566887977332,0.0615104126071722
134,0.05544028768074188,0.012975256503385192,0.1537750414092415,0.37508615135813733,0.40272324417101496
135,0.05396812046234477,0.031395596323079124,0.08854136735349091,0.32513971774192485,0.5009551833725118
136,0.02865311585861994,0.07390025781951934,0.40577948702692096,0.1575652568681744,0.3341018681583767
137,0.018274209818500937,0.023622232553820673,0.8048319253447694,0.041820396566010797,0.11145122205756261
138,0.13830998426455607,0.13919166110140413,0.3566957205581207,0.019566814389718055,0.3462358111512451
139,0.28149150290380337,0.2087902765193512,0.2694389332084467,0.07375549676450786,0.1665237819926361
140,0.015326656718663902,0.09364469940919246,0.07585965854182565,0.6406023968345695,0.1745665740450394
141,0.8736127909063995,0.021868654734720345,0.08640457102567593,0.013596041182386456,0.004517932286468617
142,0.09821670272321802,0.38701982879989205,0.16182314125570244,0.12137739673546305,0.2315629207809815
143,0.18717041367499745,0.07770040996278434,0.30392621950351745,0.0226416792865213,0.40856126900963347
144,0.3573352623161801,0.029591263454155223,0.4500224116579568,0.07246543518134768,0.09058561488304899
145,0.08404849332563778,0.004458883746463567,0.44546296556107196,0.05004483321199023,0.41598481326740344
146,0.09939315669948692,0.21757363045335645,0.22509731646862732,0.3453901313171875,0.11254575356763732
147,0.06618263773247504,0.12006805199910009,0.18142568903902087,0.37551126869430773,0.2568123384436225
148,0.4158264610862242,0.4497330923127915,0.025333570880733593,0.09247899066745716,0.016627874866748396
149,0.07425599207750636,0.07269790374084024,0.0451947804276851,0.088786809191303,0.7190645009830384
150,0.1721465583795806,0.10451277921461127,0.05699435242693935,0.45718427137487466,0.20916202835852324
151,0.2694274558293689,0.24113990523152457,0.16262853867706203,0.23951082253814665,0.08729327001493191
152,0.005349016733026973,0.2888799490768014,0.2750804343005242,0.427547409955877,0.0031431740781532763
153,0.11697533726145169,0.3006975575544989,0.026563189621164114,0.1682323832072147,0.38753152530130575
154,0.5042189763440801,0.10472612216436146,0.0837068640838028,0.09721543751685448,0.21013259355610983
155,0.021174988022170865,0.05028793063913481,0.2697352904693782,0.2185315581662066,0.44027021910793185
156,0.06632332723210843,0.06755842197437574,0.45365724508010996,0.07831299299749625,0.33414800051056953
157,0.26745756579404584,0.12104389434617156,0.22068163270553356,0.17398992594188384,0.21682697339181065
158,0.14608552229091157,0.2974064038618552,0.33518814609529124,0.077926624692503,0.1433932902661209
159,0.2773245122968397,0.37191980366399835,0.1540578670975872,0.033124049479885447,0.16357375960029658
160,0.5906431268953214,0.07037572526366051,0.023682818899697547,0.139889691794289,0.17540862703000154
161,0.4225941103513166,0.164679235555033,0.263807596010373,0.053354181130212903,0.09556486600723461
162,0.6581061920260407,0.18450069380982534,0.10703959295191921,0.014865383255466248,0.035488124601248484
163,0.24615285491180977,0.026100585588096085,0.1618232449703863,0.5262955103625502,0.039627793747266715
164,0.06297427360447205,0.1609364565370171,0.4459295842415323,0.11446206673555437,0.21569760810691238
165,0.7541145060182399,0.007960484004204595,0.1216067039931336,0.0595317616952371,0.0567865335309258
166,0.13031027461117714,0.18176625251537995,0.513089562929233,0.07401778707383207,0.1008161141693664
167,0.11783673675794985,0.35242107792640753,0.09559120194492719,0.29363184337264503,0.14051913131939356
168,0.05719534117905491,0.036843281148476625,0.35645729497370277,0.47645576264584216,0.07304830472396193
169,0.16592579510155175,0.007818961664672018,0.23782782309533815,0.2004722559885403,0.38795515161553595
170,0.2976120481233718,0.18548917270037482,0.0217730232155737,0.18875233943756267,0.30637341031812093
171,0.18306845037141525,0.45704779017242386,0.06886047694590211,0.16867460411282476,0.12234867312859721
172,0.5836367781919699,0.08906143504943373,0.11283860572808153,0.16741518254406074,0.047047989494267146
173,0.1939295570849615,0.15102014933615365,0.2355307586894104,0.16136663172972598,0.2581528948064874
174,0.042640622368793214,0.06327442355860026,0.2448316500546376,0.6025694501323227,0.04668383828389016
175,0.12235118602558685,0.30265526620153543,0.35452995329729714,0.21343792424786956,0.007025658736611034
176,0.09833605178376909,0.22236753796495914,0.10872740600500407,0.511598238016412,0.058970755582447715
177,0.4735553505436629,0.07625844393073529,0.09472955890426221,0.2672042459092595,0.08825239281766098
178,0.5709999485468771,0.006632214145171702,0.08168483564202549,0.09309512239673595,0.24758787025772055
179,0.011683028852331412,0.15265970689260067,0.6153031159824627,0.11899942700891122,0.10135471048176556
180,0.3952833306311403,0.1553842793399308,0.03983186073848599,0.2289221567558242,0.18057836697243776
181,0.3598638591489605,0.015226447109889145,0.06672865514138364,0.2954129520465533,0.2627680761481179
182,0.17501834394841798,0.3558574494859125,0.2303804228358646,4.850089704770923e-07,0.23874328487703234
183,0.10435905438318677,0.42077730158726784,0.19732512132925678,0.13865832979076131,0.13888018191548884
184,0.0608687240079021,0.0489473623304945,0.22101435634318548,0.06306789114391065,0.6061016511521718
185,0.261050701442404,0.1264617823109942,0.2860631972388184,0.1736568978633759,0.15276741184860326
186,0.07665667694439063,0.13286541986006015,0.3301062643429654,0.030340045910248727,0.43003158423615034
187,0.24726476547733067,0.30702348684580905,0.31822849323862945,0.11303151300096766,0.014451729413387689
188,0.1365943833893712,0.015547760066375486,0.44263434164603777,0.053060883302079455,0.35216261663416365
189,0.22102825539846876,0.04413450282627626,0.3641787099796305,0.23512709750583388,0.13553142241199687
190,0.12742709021272816,0.094417552028612,0.3714006476538154,0.40674949383228975,5.1952703808179464e-06
191,0.11117810862202858,0.21736059481388936,0.48024828934622,0.07190568963237581,0.11930730740687093
192,0.02158801752017315,0.4217061483574363,0.3164236523818363,0.2200453143125485,0.020236855847531664
193,0.4259282418195814,0.008999510510650047,0.12205945550456918,0.40913939137378924,0.03387338555781709
194,0.43804595746089203,0.46342167046527,0.042497465674740435,0.004762407374229881,0.051272487631109885
195,0.041364874000452106,0.2568718462775269,0.12747772930702497,0.03210399140781036,0.542181547806533
196,0.5711249322743046,0.003933591343613766,0.1664496369369724,0.2125989109326654,0.04589291539872699
197,0.03549442351186181,0.6993093016458488,0.08140043838580509,0.17434958822528115,0.009446239120543442
198,0.17677668230855725,0.08547012000714552,0.30158477617871077,0.35954222334468716,0.07662618367200376
199,0.14273118672628363,0.11686965728765188,0.04664015242800776,0.44140497411908924,0.25235401741897584
200,0.4740901073230085,0.25404919969000744,0.1764023370882992,0.07086014807392985,0.024598200597066966
201,0.34968514554636215,0.10869714380649909,0.30298251370520163,0.09308457791027513,0.14555061041561804
202,0.2998254351565997,0.20684715483889562,0.16507093280219357,0.28691950957054574,0.041336960943873846
203,0.22280512948014564,0.2885621408454921,0.029961500128428284,0.3931099394075509,0.06556128338832685
204,0.04566543718841397,0.2693912084587583,0.26910202212480827,0.15817912372980406,0.2576621965065054
205,0.08163754879562338,0.37741211576660233,0.3943822291058734,0.019358487751056155,0.12720960813693427
206,0.49375679094083447,0.04530818662806384,0.15142792132104274,0.02461151352767687,0.2848955763687815
207,0.20065808310283556,0.2032976347408981,0.12203550509520446,0.19040761864969313,0.2836011508767101
208,0.14112366588439507,1.7293149069180304e-05,0.3328564095636281,0.11581976054251787,0.4101828443091579
209,0.22574601421372884,0.111089575859219,0.2570471243367198,0.2917086769063779,0.11440859710477203
210,0.16774007954328624,1.6252640850651745e-06,0.41676822466762614,0.1361765138024912,0.27931353334113346
211,0.03125715524726414,0.3458702775537201,0.15418815999554064,0.12998473700579027,0.3386996581048404
212,0.39280026451824435,0.1817489961794266,0.12554314137791786,0.09303057075532128,0.20687702080025563
213,0.013056219434331058,0.11390612601871253,0.5869647916973619,0.08406705481310257,0.20200579724930612
214,0.3421027214573502,0.5302086219050665,0.07300535903360393,0.003010984188167465,0.051672300582121154
215,0.2949573050389532,0.20900328247664068,0.20782279966091707,0.10645474559131814,0.1817618592802559
216,0.09387342005370569,0.26371210308785864,0.004670555673783399,0.47257623651530656,0.16516767572566818
217,0.26834714915455005,0.021225594852317415,0.48355662038776637,0.0754856927334752,0.15138493165817948
218,0.11944211052454153,0.5260290663243111,0.13970281058560116,0.006509618497378629,0.20831638005417036
219,0.0436246781767001,0.1711251706966442,0.02604413491090182,0.41170837873485266,0.3474976227498631
220,0.23101762399298992,0.3344208591961935,0.35292524826272376,0.04210222155818981,0.03953403407689259
221,0.26834458969604114,0.327800561198941,0.0535334055725066,0.2919373633081627,0.05838407287282909
222,0.17547468644427647,0.17743067123910963,0.01838691967779416,0.14719481391100633,0.4815129015442261
223,0.12165711482305108,0.25771814478614335,0.11457097008420869,0.24462625551494746,0.26142750629173467
224,0.05227695938437025,0.10712069128283519,0.08683904690259933,0.5619210136598319,0.19184227115252808
225,0.09201201437403123,0.14923103331487977,0.1746398839046615,0.26455962397032606,0.3195574335372962
226,1.0122559285524733e-06,0.018142755153208793,0.3085791214874668,0.5607001438110882,0.11257694451537785
227,0.1032781828257309,0.004634950060213003,0.03678480971031214,0.48289656378452706,0.3724054698685035
228,0.09217876961442983,0.1237384022357855,0.118297876701856,0.12967309217492115,0.5361118474365146
229,0.1411327453126991,0.1692404581354581,0.274805999846914,0.18529668288028167,0.22952410378959828
230,0.1390888500526162,0.11894150732810688,0.6050120383604186,0.06432911272233582,0.07262847842421091
231,0.12972655029860858,0.07259209756251017,0.007582458204304723,0.21639303213629923,0.5737058515824898
232,0.29699056197346885,0.20236549755430877,0.17992700534351044,0.2539168963643222,0.06680003115329297
233,0.0683409799707549,0.5316982965891621,0.12720559223048414,0.10024879104550231,0.17250633289610565
234,0.09402074516952741,0.5312804010472101,0.3220025478280999,0.04021077832753288,0.01248551839531066
235,0.027006554003355738,0.03735833565605166,0.2431998631857994,0.1774562292945238,0.5149790061818641
236,0.26642309519205826,0.3886721387712278,0.09012749697726616,0.07295180153301903,0.18182546105838096
237,1.0996698399931288e-06,0.12176040820924038,0.22595485689301215,0.30016994269759345,0.3521136712408872
238,0.08745430927228816,0.4647444575215672,0.10631436036954452,0.1414173733853532,0.20006949007169797
239,0.17015427589686616,0.15501853120656317,0.2036100333726699,0.39992153560320715,0.07129561436751577
240,0.03153087407274516,0.2794815756686152,0.09646466575343984,0.31091625495279424,0.28160661734019987
241,0.12817915284550327,0.2966058991972547,0.04528759710243411,0.287198338762523,0.24272900360565308
242,0.19314687153692267,0.08607331441029459,0.08207869492775638,0.26778354177660024,0.37091756636290263
243,0.0845074985085967,0.004227939251799836,0.00671760993606994,0.07432413960444187,0.8302227896906677
244,0.0077270292837917955,0.20550393729417882,0.28830985259282443,0.24841723863335188,0.25004192816247944
245,0.1754154367313663,0.040963385218506176,0.16597372505025496,0.3451116548696976,0.2725357852987286
246,0.07629970219761444,0.5018009508326218,0.03389949544868731,0.12899153613665512,0.2590083084580678
247,0.07697962887772014,0.16834843393974772,0.19311428616372828,0.5306861817930574,0.030871457649014528
248,0.3356184600442714,0.28333515150123534,0.030699668372941913,0.16446951317149075,0.18587720105213096
249,0.437487870879222,0.13918510791071106,0.14104709917827896,0.24957642752309714,0.03270348496214862
250,0.04190771376825632,0.3109038015319045,0.13434995187470367,0.45918951775732525,0.053649004384406444
251,0.022605873867737075,0.08012584403599314,0.6788182132589804,0.08440367022149967,0.13404638774043925
252,0.0338208595548542,0.17808730667417194,0.1873087851659003,0.11703339363895238,0.4837496454663609
253,0.39666710483100726,0.17110787846405157,0.174446922256091,0.2475250561270218,0.01025302902520255
254,0.22185708587649255,0.16469196451460508,0.0890380780836983,0.3287347114348996,0.19567815236342903
255,0.4269418781726732,0.2362660718899658,4.909996749814953e-06,0.20532723285440305,0.1314598948004263
256,0.35736714654099894,0.03600986923208666,0.2709395060965658,0.07930435726218737,0.25637910759380234
257,0.11832752144528383,0.015191240600713436,0.023820764667551765,0.40462387333359784,0.43803658768758724
258,0.26239263437728283,0.02847449011328708,0.3540981278973542,0.05420849166721309,0.30082624440494793
259,0.09479875643217388,0.057053969140703,0.43426088405276503,0.219690874264753,0.19419550345363565
260,0.12306640185835216,0.3075229055027429,0.34294556495851053,0.01743293191602325,0.20903218277236493
261,0.5107819529997576,0.1540488885679153,0.06321412681449269,0.09798984146986155,0.173965183124391
262,0.13266852010372895,0.03904377701652826,0.7693030277803654,0.04239685959859778,0.01658780171352452
263,0.7720730648729385,0.12181571987326956,0.013679092835264757,0.0609085201955573,0.031523591845423964
264,0.07659678796136342,0.13991832035082516,0.25162435081702617,0.2625057449746914,0.2693547835667728
265,0.1873264118543739,0.14275576180510732,0.33967535982799485,0.1758436682742327,0.15439879151159916
266,0.2796902847350119,0.036295374319166566,0.3249208913322706,0.059410077678393305,0.2996833614075349
267,0.11241792853807907,0.41861766968547337,0.030356768153848343,0.1998554574220002,0.23875216604375638
268,0.07877731391081115,0.06804192136764965,0.2577771309279352,0.09193773452644063,0.5034658887398574
269,0.19404522208576744,0.023115620500329448,0.5254411512217756,0.05679952829620334,0.20059846629183603
270,0.44139194884757293,0.3112730035833113,0.07969193990370997,0.12918616707810965,0.03845693319537773
271,0.4371103031258255,0.07569771479249594,0.14886070663108644,0.06992111868737283,0.2684101499596713
272,0.04330322518902209,0.3108701340085665,0.4536923176068502,0.10641162710567723,0.08572268481867747
273,0.022870529332910488,0.1559161171953191,0.26188773432554086,0.43288277373851813,0.12644283014872257
274,0.1931038774986037,0.11903383184519617,0.4571786476588419,0.03187862334433204,0.19880500914698945
275,0.1663317913222738,0.05269296898114191,0.42771790156080325,0.21821176070320472,0.13504556707344265
276,0.39234237564012386,0.19515788707413373,0.20070961047668395,0.20223665783472092,0.009553459553921118
277,0.11904317289729059,0.21607694912783923,0.39058161383120465,0.17384229266631795,0.10045596081541883
278,0.22962534609514634,0.17309430763749178,0.18739152222997132,0.36216252016466544,0.04772629521202282
279,0.1582832829047134,0.25658015632114123,0.05201283852443579,0.12372356723440427,0.4094001490370954
280,0.3843786748171245,0.01839179568980947,0.14420465485018572,0.16208613669767052,0.29093872671216797
281,0.18478334416295705,0.10946994248774079,0.4596841195034064,0.039500899159562244,0.20656168533056665
282,0.025995850743509245,0.44193300647390404,0.31132285345323446,0.11863240580178594,0.10211586564376143
283,0.5303398037093507,0.11035600467235086,0.17919238147611774,0.0674601853002719,0.1126516155536565
284,0.11028715960325379,0.04979411646616361,0.1345565947988111,0.6564043009304743,0.048957816584904085
285,0.10494982944377024,0.324872188866559,0.23905135922102771,0.11151332076649866,0.21961329107077296
286,0.07406076085395963,0.0163363666016043,0.17218245747918828,0.5078365187198107,0.22958388069655322
287,0.46425775667878494,0.14427968178882913,0.13975270894011665,0.08656751130425279,0.16514233308694418
288,0.06914551274813983,0.08848105734677142,0.017888589640953422,0.6780470305902413,0.1464377952558579
289,0.26482749701413427,0.011136778156933726,0.04607372571772353,0.006834611296506589,0.6711273701448401
290,0.08521238232706883,0.2499755574026554,0.07342847481751102,0.29652802158228214,0.294855555415314
291,0.1114989797422815,0.0537166752376059,0.27346534140117157,0.5228382086444368,0.038480786722106926
292,0.09504317708672681,0.03699371245168646,0.020376363601080093,0.44718201301357763,0.4004047195736173
293,0.19869809252552523,0.08556682240182825,0.4759856022373012,0.14602759351499442,0.093721878540735
294,0.06400494387291517,0.6048918899905021,0.17087376503261034,0.13907871559788335,0.021150672144391702
295,0.004070057794948331,0.04824521912348863,0.1094635756380523,0.404996193753989,0.4332249338743846
296,0.22104672327102626,0.3662459089915001,0.1175485558972226,0.11035413593537918,0.18480466934812864
297,0.22995132568286006,0.11801838278230387,0.02317285668622477,0.2075462484950704,0.421311177519064
298,0.1329415899365348,0.21736091095887689,0.5118301157493632,0.10416976145130545,0.033697611531612326
299,0.057291892869038685,0.0978611936210726,0.3636400228616947,0.08044645090828613,0.400760423593906
300,0.13791839636811923,0.04982195175587508,0.3415171924191035,0.46786470872923125,0.002877744571944817
301,0.20331325123787583,0.1193405759829274,0.09533545884807423,0.44095058489242384,0.14106012023834913
302,0.30027520293157617,0.01452416349609385,0.23561331482377648,0.3443849104229471,0.10520238955795438
303,0.1583806281777055,0.15646097698768205,0.26648975568040056,0.05442986210604547,0.36423876858668336
304,0.11705959233754121,0.4430984695447836,0.23039627870029614,0.12855081054266054,0.08089483534505848
305,0.0988379310174763,0.11949806285021797,0.17877228433371561,0.5754358049360498,0.027455906306105213
306,0.08608833770077194,0.6014103731430843,0.17458772302890074,0.0948239403175595,0.04308961789319937
307,0.004193739971714948,0.19972973810198516,0.14471051459510126,0.34237588496652394,0.30899011067742327
308,0.20663922391492817,0.022633047469564037,0.5049083425462654,0.02413577075731891,0.24168360170121383
309,0.15869522514303208,0.3023707851244748,0.16270290246145527,0.3432303583710065,0.03300072132646397
310,0.13065565529953904,0.03429829687892056,0.03245075988101947,0.5684595556805838,0.2341357234107853
311,6.822697024644455e-07,0.547261106707216,0.07541959401274972,0.0565391058592538,0.3207794947195919
312,0.2703186490422802,0.4184648225125711,0.28032008444964523,0.01709222592230752,0.013804206371106817
313,0.03684086352299326,0.2021175082802108,0.07800220883737323,0.23280307374914508,0.45023633731521345
314,0.1539118870759872,0.16487200146135841,0.03418759124077919,0.6265532177155495,0.020475295266169955
315,0.22015004054034246,0.23348645277357527,0.22656988175748755,0.31482123970972464,0.004972376396307523
316,0.3007262686691725,0.006355248103402511,0.05150179268747201,0.531974869473304,0.10944180867539029
317,0.19717335424095858,0.6160531640647696,0.007867468213811644,0.11985868471788656,0.05904732169309246
318,0.023076768433627427,0.08695672662630155,0.4880570785358374,0.033991009213056714,0.3679184030860899
319,0.41307193558867294,0.06628585811112644,0.04470494946529556,0.13647796701320852,0.3394592812875629
320,0.35051749758192297,0.01687822615747003,0.3578251913728885,0.22921067551249466,0.04556839267669335
321,0.08382424877920061,0.1434600926173148,0.6973500205764394,8.320154389978123e-05,0.07528241239311474
322,0.27068499237108296,0.1818194669856101,0.19020364704011294,0.336494532763811,0.020797349419939447
323,0.239982864638232,0.03438834091162517,0.39682459886621346,0.3230378587938239,0.005766327311067942
324,0.16408497912888684,0.3707381133169887,0.2477533736785454,0.18025864426006774,0.03716487860225932
325,0.33704565142539605,0.05864418998488417,0.21952215767021566,0.019725914969842516,0.36506207692960996
326,0.0069983076406466725,0.3184101913860623,0.14708512445412816,0.3485121822721617,0.17899417773586082
327,0.16378344455224134,0.06297558383235294,0.08349218562832308,0.09329494487917461,0.5964538331605694
328,0.17498613637022767,0.2339920434357819,0.17369248843474672,0.030908167463876212,0.3864211548746058
329,0.41240713452009026,0.040840511706872466,0.049536207718403356,0.12668798777608992,0.3705281507033182
330,0.23549500943029708,0.09259110293064324,0.09196393119286896,0.23301853706511252,0.34693141083433254
331,0.022127096295142888,0.3752769858556696,0.33439854581177975,0.15001577024397747,0.1181815905891161
332,0.1434817264875856,0.024784643582668256,0.19582544152025474,0.5074642037282923,0.12844397275728398
333,0.16167560424437802,0.05510525904997206,0.41571683721738706,0.08059173973356326,0.28691054937166
334,0.08639292259861563,0.3838181455761288,0.3084992899970826,0.10057788386834297,0.12071174375910276
335,0.39409623060156107,0.13518389564488117,0.3226703184092899,3.7037111188712324e-06,0.14804583340692357
336,0.5916677767283164,0.11316459840366104,0.09664790554602164,0.09086365175208562,0.10765605846645397
337,0.3870689783712881,0.09385161684918711,0.107690531446105,0.36692981367948496,0.04445905179146281
338,0.39812752960689574,0.060553068631173136,0.005995230009610382,0.2772778163824262,0.25804634401218085
339,0.46955943655163024,0.0871087255521101,0.09628913563099493,0.3396442075175166,0.007398487967677914
340,0.0325611927817933,0.18170720317171216,0.06620275354999987,0.115509664130707,0.6040191786085557
341,0.13295819973656134,0.5311997873236111,0.16622766447811102,0.005859351327871425,0.16375498538691308
342,0.008491732812921978,0.225120334875476,0.08815458825644543,0.3503469351476441,0.3278863982718775
343,0.40562185866444844,0.025830217473281,0.16767635161555852,0.11122709952313962,0.2896444564262871
344,0.014523510333263599,0.2219690464401975,0.47496279807568403,0.24643804196101973,0.04210658756123425
345,0.13836573963355925,0.19448393645245607,0.04078223422096356,0.4333020887640442,0.19306599259525267
346,0.015803908743754883,0.037201603331361556,0.32453212371657725,0.3357775146411965,0.2866848319259003
347,0.03424971260526607,0.11256407057149427,0.42279109847612956,0.11496623936324112,0.3154288648617957
348,0.17615278587905375,0.4438246226913081,0.11005690679345136,0.20632577735173271,0.06363989983175246
349,0.1532476691894898,0.17438699187242102,0.03445935266588967,0.3624562200070394,0.27544975760021795
350,0.01926562019816494,0.21016763381824097,0.10084538101941623,0.49104661768058555,0.17867473481192822
351,0.33052078086805037,0.09259649246629043,0.08596172908422928,0.350599349588261,0.1403216396803
352,0.3328276792898986,0.15726657893318066,0.008241407645904603,0.4011412936628713,0.10052302865969753
353,0.010730834964344717,0.35083657739655283,0.35944923529059153,0.08018728014486627,0.1987960569993693
354,0.24400879482666826,0.044494564328199905,0.0756962569019406,0.06052470415974691,0.5752756715003081
355,0.03840862310785481,0.04457322030976742,0.8072037860969193,0.052410989064049444,0.05740336766843077
356,0.028334482017927192,0.2958948126146851,0.1913560007740414,0.09486436830051387,0.389550326195819
357,0.040757996133439736,0.07689904680528666,0.4804492234428066,0.2249573433771035,0.1769363780116139
358,0.11085336347065894,0.08279223923049757,0.06198467139022526,0.7443660957479389,3.609836647089881e-06
359,0.19615015259196675,0.02101285289522055,0.14315977162970384,0.1442870662022407,0.49539014687502797
360,0.011188756298005644,0.011964369361992138,0.09293010242542984,0.5531222380626316,0.33079451250387965
361,0.009101785950053258,0.08953274304027138,0.6372651094699324,0.218245508415773,0.0458548357014614
362,0.037840431318617085,0.029196331118376353,0.5311381409872384,0.2799492407428622,0.12187583949632984
363,0.19051900764328494,0.12248191319725461,0.1025897256703813,0.4335445875932646,0.1508647570086269
364,0.09352838959564502,0.1439091877159979,0.0828667942690165,0.432706687331317,0.24698893187123852
365,0.15476595572213112,0.25073679102470714,0.010600052276616954,0.14906239533083163,0.43483479747976406
366,0.07357445781795323,0.4555480182268731,0.32640256584195815,0.009823608028488117,0.13465133516574715
367,0.2866368288147356,0.09590054234309228,0.17461191316700767,0.20542476602551998,0.23742593969921938
368,0.30779669107713126,0.09580180051418802,0.19871762905766502,0.2705514728953157,0.12713239804432128
369,0.31454507809779436,0.1626271239413714,0.15869041012783927,0.19482716721842328,0.16931021294105578
370,0.12589494820430128,0.16735191764357604,0.3137530643973223,0.21246548424800138,0.18053457594430006
371,0.47578553673567,0.02151361369497329,0.26351582967008824,0.036100700137743115,0.20308430746623624
372,0.053334178962695426,0.7278728774753567,0.07081333573150829,0.10434506534486741,0.04363452764906059
373,0.397314471049759,0.005848811632802947,0.16063710648898372,0.35192283746769193,0.08427675805984983
374,0.2385143286463947,0.12053394113453525,0.583295201574796,0.018221642462179,0.039434874445866304
375,0.3868422288251566,0.391704751592762,0.04796757151632602,0.1260557197516915,0.047429719423455474
376,0.0699083782790724,0.41279777427868014,0.2883647306820832,0.08929043480515642,0.13963866693206706
377,0.10948093434021433,0.059090899199179044,0.43103497160132376,0.05214978298655455,0.34824340072367055
378,0.10739036806399203,0.21714801046308113,0.49014984840976855,0.13022663469441856,0.05508512775678927
379,0.20879911816266974,0.09179208738433349,0.4848757863753376,0.11724035227760173,0.09729264677951559
380,0.07626944146433899,0.4428199712795564,1.0909896446318156e-06,0.33124540948929027,0.14966406898555798
381,0.0032544327019633805,0.03589463687817703,0.23231836661514538,0.22805592506597414,0.5004766181278939
382,0.10189618280663679,0.41543812481492515,0.056091074091163276,0.15905336213355423,0.2675212475860333
383,0.27803960139809114,0.10123890047300194,0.28467683629255663,0.2732153735445818,0.0628292808160134
384,0.31089757966389486,0.0978921489338926,0.28213679726726393,0.04762728204169077,0.26144618173911144
385,0.1765124579707572,0.04623797794512597,0.20627151016998757,0.04737937428519242,0.5235986665947734
386,0.3084987947637355,0.13628721771549218,0.18552289910281333,0.27059891703636596,0.09909216372754419
387,0.10559691307946548,0.3952408106906264,0.06378433832878971,0.31118202761711783,0.12419590126101185
388,0.11891738431495431,0.5802080076217353,0.04167703250103841,0.18620056954183833,0.07299699707017528
389,0.40964018849714207,0.008752586405597592,0.2998487254222167,0.14418059697753785,0.13757788774511084
390,0.34300340935297874,0.1505410800553813,0.20234032452996484,0.19648554327389217,0.1076296352455117
391,0.34512691450158506,0.4040090840441869,0.11675530171618007,0.06337133167966641,0.07073735655535528
392,0.34839748484731214,0.0060722450311130995,0.4325181231104284,0.11288142481398414,0.10013070363820305
393,0.13824508209868888,0.032788284343739336,0.12244069761180873,0.43590110448639563,0.2706248170830591
394,0.25049746100865783,0.0073878021047238404,0.4538611441509625,0.1255649696780425,0.1626886118627864
395,0.23060042951399898,0.07576408539614791,0.18455770735246704,0.24804794955762852,0.26102981561283
396,0.09688824400169664,0.3126180429174414,0.22016853383262383,0.0977876624186934,0.27253750546284555
397,0.08822369480033046,0.5147459217931175,0.05334822767972418,0.12305812475867771,0.22062402213676824
398,0.06717376456127447,0.18295327962004712,0.26891062113457526,0.09231835814440421,0.3886439654039877
399,0.1543577098945867,0.03728942829826549,0.2661772491762816,0.46983000666079844,0.07234559221181272
400,9.718446978086753e-07,0.5244819401889852,0.20756080514504252,0.18615783121551513,0.08179843624727054
401,0.14159888379679242,0.10249845121090789,0.044522557660530586,0.6110381322452176,0.1003419622701681
402,0.14590118212895656,0.5244197335792499,0.019308880235548744,0.2656664704803711,0.04470372791248736
403,0.05155243435886597,0.30226845585716283,0.05012487905599166,0.12288781663522033,0.4731664046816027
404,0.38374540877638236,0.006364076678336112,0.16085470362609156,0.06040867910851434,0.38862711977370823
405,0.17646729810018777,0.07803013915982857,0.1252043776077477,0.29565942132170997,0.32463875246960616
406,0.2873023942715405,0.054520055789945905,0.06555082747144399,0.11493173667482737,0.4776949786908057
407,0.11018840168802452,0.5092321349662918,0.05742130203757632,0.14214384894010754,0.18101430576265953
408,0.36066755283255814,0.10337271126051899,0.04802208629991401,0.2694272415098368,0.21851039892086424
409,0.037003055262932696,0.37230589074394127,0.033487653177537956,0.15857755984779418,0.39862583146536723
410,0.10458177659660704,0.25445601088217706,0.33659494416840885,0.14929065976994849,0.15507659787653036
411,0.38100295153053876,0.12279994219542978,0.05787259410661775,0.1748913979808088,0.2634331070966028
412,0.8062601445317549,0.14437501591155424,0.01770110464497881,0.008689424911087018,0.022974296777313098
413,0.23186976841181756,0.20931802373926717,0.1319528614657488,0.185609191330286,0.24125014785912835
414,0.07335577315126755,0.3438587986794496,0.04157446226787736,0.03820190467294741,0.5030090520489447
415,0.09745638679710877,0.2714098164775066,0.10667260542222454,0.4549916086190748,0.06946957263711781
416,0.06375163688435315,0.09127866352271026,0.27970814113705966,0.48533867134803604,0.07992287335639055
417,0.12525903023926085,0.23366661414835163,0.22570566572500006,0.14948777310393016,0.2658809077078533
418,0.13790058543574318,8.015025623771778e-06,0.36283747736795297,0.49419888330045053,0.005055013012272341
419,0.08932119604802774,0.03392940786619992,0.03253644772147095,0.2711102869116463,0.5731026509809545
420,0.23777117141133447,0.09082282008672911,0.5167198582167648,0.059045501652847304,0.09564063944223963
421,0.019539245948596382,0.06670961070871727,0.4846140380975446,0.002940378652077121,0.42619671199018594
422,0.032047269453470424,0.0038110916083290364,0.0630042314521239,0.015723725671049227,0.8854136616343735
423,0.24748038014382667,0.39368472306284225,0.06567972231801399,0.25904767592153805,0.034107489101569514
424,0.041885550968622044,0.031151259808458565,0.28758170446560416,0.5578098284616398,0.08157164111055004
425,0.5064488808411938,0.19501105637139524,0.097120760872969,0.11269529042426335,0.08872400330408865
426,0.255046413072465,0.1411533499562611,0.29284670385078876,0.25088906322838544,0.060064458385575135
427,0.10090239716944464,0.31442449788235605,0.04129051539393245,0.23475916368534827,0.3086234166111763
428,0.3513831636713554,0.041280805808748273,0.2201577006222193,0.293922958924804,0.09325536084163724
429,0.14848610948625965,0.13113064022348975,0.5701791791085009,0.018629050108234048,0.13157500979198558
430,0.0829372352851016,0.2758586072898875,0.25891494532491666,0.3600318178096169,0.022257386226878575
431,0.05259105108132765,0.25564533134825596,0.22435702078975817,0.38738935872059155,0.08001722463794515
432,0.10784236263908885,0.4309489716697321,0.03881930489447942,0.06086551626166537,0.36152383463018223
433,0.4178094984688475,0.1396611134635325,0.04883116804427807,0.3703674794539151,0.023330730538143364
434,0.15617111694887784,0.015415072688766521,0.3156380399437427,0.2768468274973466,0.23592892856688938
435,0.04992480745691025,0.07423294597531262,0.6070062688342089,0.19357663895061106,0.07525932377281234
436,0.24481272232921458,0.3223121409099574,0.39825098120561025,0.017368705126529146,0.017255438607675064
437,0.21538749895684978,0.0989225010325471,0.24028988448426003,0.2812760823766256,0.1641240204187712
438,0.018602403062126256,0.3984200298541449,0.03398657809274024,0.13276248178195296,0.4162284959140145
439,0.3963659627256172,0.26961558376434047,0.11033248886857434,0.02784552571273586,0.19584043020131534
440,0.08921692460664121,0.3741360136096562,0.09419200780056683,0.21122307365145965,0.23123197083855676
441,0.006176078606865077,0.0448087727456517,0.0688225848364065,0.6630979309821349,0.21709461584997836
442,0.44285994871099277,0.1511626792759947,0.009706329332665534,0.26962207422131357,0.12664895840253074
443,0.199374211235995,0.10298018671074602,0.3602728632392254,0.08979023668802562,0.24758249306659522
444,0.15908326543013812,0.13955866018073285,0.1401187108650339,0.5177886168825219,0.04345073624019447
445,0.11145093770420521,0.07667389587074945,0.37560134427581404,0.2519587881125099,0.1843150247886566
446,0.04738289664030603,0.2763674875907601,0.31845913060084974,0.04228174706397198,0.3155087245194514
447,0.34085254973736373,0.4483527122479798,0.011563983722489742,0.10821235871823714,0.09101838839527332
448,0.46057330000763586,0.08914437517551374,0.05222092564764709,0.25427186984564554,0.14378952208173265
449,0.017125154290830204,0.003485335874632897,0.05697359503101866,0.3076260732195071,0.6147898215995315
450,0.36378061084531405,0.10306086569886073,0.2513988345029182,0.003965749904499616,0.27779392669675385
451,0.029948846818202098,0.4776002326385735,0.03585669708416363,0.049553565636642635,0.40704064803019857
452,0.10699940297528515,0.04665205345127452,0.36237664484415616,0.35751866134424626,0.12645322155546443
453,0.19290538550114922,0.31105240766369463,0.3524413453552872,0.03696990160497183,0.10663095115365169
454,0.009713440621578664,0.2457774577804903,0.5800558821453232,0.09576725295999441,0.06868594779032537
455,0.7263513034296983,0.045223662151564044,0.07053594606113721,0.024559516296577544,0.13332956493165246
456,0.30655127809913624,0.16442648857666559,0.18840595773558597,0.26407357262490233,0.07654269270057205
457,0.8042754047159728,0.06267265710826972,0.04568350567957556,0.03370771753967314,0.053660705497370086
458,0.5206622731127328,0.018685800993648673,0.3150915003487323,0.0235915256659288,0.12196889125717303
459,0.34196838544791847,0.06980739408677751,0.09822674955415392,0.18391668135727288,0.30608078158780855
460,0.0986634266646114,0.22468263735831914,0.011838972466498591,0.3525204037487351,0.3122945476775547
461,0.1427149549288553,0.4413643571523304,0.04477028350367221,0.023129685974990617,0.3480207092885075
462,0.009516949217184744,0.09318925521608934,0.3343070413684642,0.2591193156521219,0.30386742232634006
463,0.05149937291432949,0.1935339611975519,0.1445194254774497,0.3332984151787922,0.2771488128460037
464,0.3422128123730871,0.1121841632272672,0.27030485692418704,0.07210969065448865,0.20318846771652874
465,0.16368158745339023,0.11303715279101734,0.6282999490109795,0.02001219751755995,0.07496910077371592
466,0.04544003325800651,0.2786238510582513,0.3819609937251523,0.16354784374399892,0.13042726693639314
467,0.10421906194319926,0.05350960870610866,0.4069336583787685,0.20739040414133317,0.22794725522322387
468,0.24062001533905047,0.19876057677986247,0.21276105745250956,0.18479964330496407,0.16305869985875185
469,0.017150570765896513,0.20703542970320693,0.20702083719496575,0.1424619919884986,0.4263311561025513
470,0.17190112542674715,0.1053714319944206,0.1179841428102743,0.49383177840729897,0.11091151337414205
471,0.10441772611196906,0.017177842664692307,0.7321657198921756,0.07992356627563052,0.0663151306917741
472,0.39494564556408,0.12844317490155624,0.3762301067403547,0.03626605577493641,0.06411500693277762
473,0.35604715972224765,0.1041568546733884,0.019576344535854554,0.369984022318196,0.15023560836854286
474,0.11324203920133517,0.3977752434315384,0.009805892819794994,0.1984014029348364,0.280775413647358
475,0.33315942281048144,0.05239007851544862,0.3148000539915392,0.12258680000801166,0.17706363610429832
476,0.33109895657046756,0.20275405216615208,0.13335758665489478,0.32839137420591935,0.004398021000901259
477,0.06296424912483198,0.36439666382636554,0.15662589125511422,0.25550543865965014,0.160507743819771
478,0.03686991796710301,0.6027557251200099,0.01267525117934761,0.10035318882406508,0.24734590862458042
479,0.3860296366149442,0.1180102819011426,0.1462776493075388,0.17007593711150287,0.17960648871445925
480,0.2576040557341194,0.05598048500538623,0.08711425400989013,0.44932463486676005,0.14997656051671576
481,0.0372140621309508,0.42207834622844315,0.15362121022706907,0.1382438025247475,0.24884256654063938
482,0.0028895345422207596,0.38761589958297693,0.3041195075645326,0.172191498056584,0.13318354623300246
483,0.23386283677207298,0.1640512987139406,0.18978085111755372,0.12368714695966702,0.28861785877699275
484,0.29287740112532323,0.32442527144267314,0.0038450636176747353,0.2641213978783026,0.11473086028496252
485,0.009871581066050558,0.23032782554022316,0.10498640433436238,0.16663576196504631,0.4881784136523895
486,0.5033375674020085,0.3414920798415766,0.015928553487655137,0.01377138511544218,0.12547039756129708
487,0.004771946552823033,0.07304095959378998,0.6572546591399338,0.21504010152472033,0.049892317015031495
488,0.169187417352393,0.074431905745008,0.4200355475322608,0.0688901224549384,0.2674549958947912
489,0.09128377282297959,0.3585699508291565,0.2950746810357,0.0545507319499299,0.2005208500622927
490,0.14833070731509995,0.08028732344843069,0.1571735288227628,0.2856985736336311,0.32850985473524197
491,0.05920189868826097,0.2497483520320979,0.4941454774245572,0.014478793422733024,0.18242546954004887
492,0.038351944008605955,0.408368500954896,0.4626370940811858,0.01844846536976083,0.07219398473328621
493,0.46856719403968655,0.17400792147251457,0.26277604408726646,0.08962411143337687,0.005024717033577217
494,0.24405986989021933,0.42486040946442066,0.09421513429034901,0.10245833636680508,0.13440624236641954
495,0.04439525568690154,0.21063979452226242,0.5487983948874813,0.11415916979129324,0.08200737406378508
496,0.410861795078744,0.26594711026201817,0.289579038895835,0.006770606434480539,0.02684143843291351
497,0.11942158680510914,0.03738340212631891,0.027875813468264603,0.6567564694152963,0.15856271801460015
498,0.1040588103248368,0.4433920054038613,0.13034261963580188,0.18538924847195476,0.13681730616732213
499,0.3797325587546714,0.15204982874821893,0.3235170721645787,0.08244228499243779,0.06225824564495164
